20 100000 100000
100 6553
85537 93603 81584 43057 16994 88842 43448 11056 58090 12726 3559 70276 81156 96455 44637 39167 48462 52905 20955 7702 10291 59500 40353 16492 12685 83902 92116 32529 9759 62272 91193 79267 4822 67312 66785 34555 23757 78824 15363 70514 27557 63565 3883 42406 54828 27057 26219 48922 76914 31631 67531 16368 81810 22563 38414 65096 37752 14222 18991 98668 81459 59227 77391 89098 75329 91986 86971 82065 73319 1057 74726 26592 88662 75395 22072 68729 22386 58021 29888 38576 78862 61912 91334 82013 6007 76295 48865 63624 19365 538 30479 54258 82917 24222 75473 91169 18701 36082 66667 37343
21227 59792 98278 27936 88187 39488 72837 75212 60398 78396 98607 21586 943 6951 71198 49222 11842 64890 92450 29899 10789 28215 11320 79296 65311 49533 82448 97707 79017 95184 50175 93862 89867 8566 33156 18711 41631 41932 20686 90014 73646 62346 20252 91994 55982 34786 59068 55872 69868 15605 68130 64137 74066 74596 2387 89264 39887 61677 20524 59062 76482 43772 85373 56703 29791 11035 84846 53229 1670 26086 1569 63899 15966 58017 44839 90501 94413 91285 53524 43393 11938 83363 38426 89550 25913 88576 17371 15845 5834 67195 8919 64308 37045 71650 7535 39096 88943 27833 3044 25637
100 1355
38678 66113 65877 10472 11331 88053 24261 43300 29141 81896 48315 30626 29550 73624 78058 80192 49124 17858 47232 43981 41612 40260 71185 29623 78141 43369 88516 94618 75736 33212 64484 39959 80406 343 6836 63785 53199 46506 13099 99938 5389 10818 41227 72368 14250 86636 74365 16802 99403 76779 78394 94328 82256 94771 72140 78471 61711 97603 82819 86900 68616 20235 20617 56751 43360 92222 15390 82935 47763 36617 58817 58640 28691 30849 91650 18737 48050 53402 84833 77748 93590 69251 92064 33892 55804 68207 81875 55385 15010 98159 5101 9203 70623 84306 66233 30291 63018 36425 16907 49851
57755 37532 49450 56821 50469 49857 24208 91549 13691 26334 71942 85196 3848 5469 70949 71536 30734 48942 37564 17471 99991 87438 94600 73273 6583 80653 33707 72108 68794 95591 2671 18036 94783 56027 50709 49992 85547 12869 83806 67329 77742 14316 76054 18040 87477 1815 49870 20705 53120 45125 18934 5589 79120 10514 71796 52169 94067 82847 485 43457 22333 36618 49947 95097 29384 16364 10564 13750 5628 72856 68302 7869 53501 52719 55078 99370 53454 26753 7621 61413 64767 47926 23178 55852 37719 66990 46539 49746 24784 51793 98330 76595 64772 88633 47347 98383 66021 92208 8778 70478
100 4550
11386 37682 85903 73363 23447 64005 37217 44366 40554 94253 10186 86505 7406 18601 80769 40112 97022 78487 9361 54691 98205 30379 42140 22265 87335 2863 14973 45263 60268 75644 39189 61671 99015 23321 78137 10055 74088 37032 297 36964 9486 62790 92772 56523 88888 53899 45720 81151 51549 4229 80142 89056 87104 20748 42743 86665 27459 96857 52870 86502 82971 85603 25108 30944 57837 66210 49790 77856 62595 61838 69942 38353 47789 41557 36634 40140 46955 2580 85878 52786 26003 92902 35187 49683 65561 14395 91411 35826 50120 3346 55392 43778 45715 10422 43893 63640 24093 47891 68459 67885
20050 82315 68039 6761 5930 53998 93938 28536 64893 13624 38867 35414 34639 77709 32488 99238 50351 21101 84759 50023 5981 61313 58219 65328 73763 40538 12627 46690 93311 47534 56620 93998 64008 89999 6172 3054 40926 12027 68581 32885 89289 21323 27549 8689 87849 97342 39274 14149 68473 68184 5551 36746 92675 53927 99083 21144 69621 49288 38083 22640 28196 46992 28522 7617 36122 49333 97753 33066 71726 47232 32510 28623 65230 60506 51019 90676 82722 21678 36872 78910 78807 20004 75828 11327 99435 89202 15644 82464 202 69919 87760 83659 13508 86002 34599 24313 65799 61643 72188 83945
100 9483
56995 81441 25375 47708 35757 72628 19342 24555 55745 81880 78069 88617 5700 73764 16311 5673 14824 18434 50206 15108 25170 52643 44943 20804 7352 50550 82554 70289 87445 48858 78847 49425 7885 61158 87056 41409 89082 9571 43812 76970 96737 18882 19562 63858 56724 17245 42669 57923 16916 8004 59353 5388 71031 38629 10503 96110 3289 38466 37382 62470 54573 28609 88229 2003 21572 44567 7727 61045 25640 52119 79511 65176 26876 12005 41367 92258 65951 85117 98453 14167 57939 24760 87579 4173 49287 23053 99726 54309 92419 40140 30044 42803 12507 42928 74485 38094 51160 77884 52989 79958
97885 34046 77050 74629 37671 97188 76369 25582 44498 37411 44774 58411 73662 90563 69918 17441 82078 6401 7189 81293 7595 71562 67322 45029 35618 43808 81852 16917 10848 70131 94033 14271 43042 51566 97870 30959 81749 71355 85093 87971 60777 86551 39940 2022 13524 12329 2609 78908 86052 19657 34748 67682 7207 18599 74408 61819 98417 78306 78968 8296 86611 39829 91607 76429 6560 4381 8143 45298 90491 31878 42234 29666 96612 82697 47753 9547 41331 54443 28125 7135 37231 18663 22512 38354 17044 41122 66224 35007 5639 30189 61584 46456 69062 47858 31533 84084 91676 95889 76580 68603
100 9188
67718 2973 17112 50658 22296 27582 77265 95488 7613 89147 37348 78795 36294 3562 77770 17375 28164 58233 35799 32716 25418 63393 3280 41945 57129 92973 65103 41027 65772 83517 83198 52863 15155 27146 82890 76744 75455 99308 56730 60113 89128 30276 37150 44315 74935 61869 85075 33282 63098 2820 90951 10040 84910 48729 40793 76226 7833 99304 17413 80474 5642 5224 84604 53025 7034 84012 70990 57909 2240 91874 23289 2646 82784 23622 21146 42042 20968 27359 8660 59176 59100 98713 58982 70225 73519 57326 61033 10371 55176 3312 20547 84934 49502 95966 46604 83688 71233 16337 72001 35523
81381 61915 61536 50268 50069 22804 53471 98061 7916 84452 42955 56164 90093 5440 73673 93829 10344 19752 15364 71441 2412 63626 89451 82856 36142 28637 28567 73333 61456 31887 14707 56431 7389 61859 44366 63840 39825 70616 90900 44863 89308 88452 14590 51545 2846 43352 54591 45553 82433 58109 39208 81680 25913 54955 92219 20341 95728 70467 90324 9303 30799 74049 61768 61128 3272 32760 31516 83228 68678 26118 14843 10249 7120 1994 46828 69962 47034 36238 27518 17927 93791 86634 20042 29683 22473 21756 6840 50878 63724 88628 14949 42950 34309 90856 92689 71368 68544 80670 53372 47756
100 4754
6910 86486 67313 51899 47718 31692 61930 83398 40839 96987 70022 81120 4710 25612 68578 57430 41462 42421 12737 82256 94388 28010 15953 13240 71031 94047 17059 14569 57794 40927 64040 85119 17897 1188 92392 41100 90320 21856 57913 55909 50270 52872 55889 60702 24113 2865 56889 70807 56005 48769 56424 88682 73518 54681 58807 99347 38555 2458 49041 52440 38827 71536 46513 24993 67171 17465 8601 97375 33244 82349 35858 57681 70116 82705 43833 41211 52352 19324 89202 4836 1949 42073 47243 37747 87884 49770 28382 87396 65700 61122 53896 47837 80258 60749 93078 52290 29254 75999 20460 46415
56319 55007 19068 43925 46564 22744 24313 77699 12169 75593 31180 38268 85846 59934 5381 99571 90593 86852 58563 38645 88684 39446 82213 41868 997 2291 61894 26359 70318 11614 90430 73679 36549 29263 47113 60634 14168 272 37064 39134 35068 58506 37746 20711 21008 97961 29220 47433 96895 44347 53197 3776 15280 2199 85896 5371 92684 88279 56933 30828 11756 25642 57902 32802 56421 61590 24754 97856 90388 75064 25886 6913 77392 54570 47172 46227 61854 5151 46150 59804 47473 89320 18095 50316 36596 14174 54771 59144 84431 81944 68401 4194 35369 25962 39606 76091 85534 32251 14786 45854
100 4272
60037 89080 61482 2173 34323 56060 529 70962 45018 23820 85316 50199 30372 17384 39654 48104 72362 2535 76363 78037 62962 47829 23294 39598 94679 94398 10656 39942 2396 57072 15679 34150 94330 39171 77480 4218 37393 42288 51775 53490 6724 23439 81780 1420 38204 87079 90804 79748 8682 3329 25539 87121 58935 63224 48777 33840 82002 18586 20193 40440 10276 87135 15025 77446 92451 19980 27287 9314 56054 69941 69425 63736 54189 42588 63607 69702 722 93655 57052 14710 23081 27160 45895 57748 66054 79662 25649 92976 44216 40701 59807 76483 41261 75056 12039 36929 14514 36350 47434 6018
41885 92693 68086 27877 20392 50002 88664 78303 70393 56627 41360 31251 43272 35807 82118 18342 30804 31444 16020 25095 86545 28224 74006 43177 85391 56807 83226 73696 77759 89085 41545 77028 15166 47281 94729 95045 40475 54420 83825 67539 93711 14008 71775 42508 90181 11530 36557 92573 78503 76481 26456 24880 37923 82246 91262 21118 35366 8458 6218 88361 1749 41464 66970 86114 68677 91438 97488 95752 40152 40826 79589 64338 94897 44271 75675 34430 5716 76660 54872 52677 33112 74682 98116 55882 77583 46521 64936 90827 23668 61009 13842 33339 91276 88260 5577 59335 28047 26174 60480 16340
100 7238
21783 42606 37765 64791 2715 10900 79922 25382 45961 27665 80363 93583 82768 70167 26854 15148 9729 28547 92189 45701 53187 96876 20575 11272 70832 46201 16698 25469 49650 6215 42797 75059 96256 48487 51156 63291 43596 44440 87979 701 21704 47392 28437 70693 11714 99508 89655 97698 2952 20539 45194 193 4450 37107 54749 50694 54322 85112 2231 7664 53794 8973 85961 78873 14778 79764 74857 99047 93692 56127 57790 17383 47696 63711 97581 85462 55880 53486 62734 396 92506 69535 91182 14509 14987 26168 68069 98602 83668 88564 55112 10075 28517 52645 71319 55679 98353 99406 31513 21335
12637 27080 73819 1510 13731 70716 97401 64658 98355 61958 16369 45533 22589 49307 50890 40361 99433 47991 80910 21744 6412 73415 91572 64660 28902 39026 17655 76791 15150 51488 15239 87140 34768 96070 61953 88698 25731 7392 32211 24954 21034 10045 39283 18974 79534 19078 15383 34101 1897 29885 91363 99705 39923 66434 5805 53579 24283 53120 93388 75610 84027 96857 11333 31552 80853 35 6826 56109 29902 87286 53350 3226 96117 26005 5363 26503 70383 21446 35607 47310 43068 24372 79402 62988 17031 98332 36364 18085 8325 25219 63693 12632 94007 81521 6394 84093 90322 11524 3554 28533
100 3112
39985 24724 59517 80000 93877 29235 26074 91461 40177 83445 74911 41716 56085 89193 26112 97826 46806 6839 77554 63241 62473 4691 21485 74977 99224 61669 87815 1700 37031 63521 75421 65398 74019 49362 72442 87555 34722 75168 4107 5821 97671 98387 25098 75348 43173 30863 18791 43232 73692 22339 31515 28138 60121 97517 94035 59985 89351 18113 40473 69020 82922 22511 43070 95229 57153 1047 61063 42028 35236 54461 98336 66396 71108 23471 20631 83090 12612 16746 23764 31734 37543 55475 691 15855 25423 48173 36221 316 88022 45318 5247 5540 20269 98223 36541 890 89085 95458 48140 77328
9785 37385 23261 27481 47104 62520 40213 61000 80006 6121 37207 41317 55480 92131 25107 88198 13044 32685 60461 67906 22053 29793 69062 96755 50259 58829 58886 65756 39306 76621 40347 33116 26594 18453 34504 95481 72925 57145 28821 75385 97951 15320 37208 75473 91791 13452 99886 39292 34561 95642 27584 47752 56155 81224 61490 85688 89553 49595 38193 17364 74 56950 14180 88693 36433 50777 80921 61257 73379 56073 45873 23771 58124 9921 6267 88873 53086 14701 55554 51005 41241 52976 97048 41455 71726 14332 74114 62024 76590 90210 85405 59183 10223 32723 68201 53032 75896 42397 90344 71029
100 1170
40036 61993 66381 79319 21024 93627 19198 9836 89776 6192 73628 31409 6555 19757 88042 86651 26516 53061 70880 70230 97455 32969 46772 49674 59494 55992 49046 78975 69430 7955 31700 73383 7805 72520 84776 88279 89866 96166 56734 57036 19657 32567 34029 98186 27136 78735 54357 65198 12099 86643 51246 8098 53586 25081 476 47707 99750 98988 2426 33589 60948 1015 73501 90979 83876 84984 81460 96985 9999 59677 51470 18065 53268 34601 79311 44443 79940 31766 15007 81792 13161 27080 36489 15361 40333 22529 79968 39633 31877 77112 25901 97341 16424 1990 58038 94575 98140 94695 94212 49408
69239 60892 93983 56361 32049 95962 83370 87773 48482 29946 30724 50988 48124 90883 94320 52666 13960 3769 84809 94714 52432 87026 88488 40782 16055 34118 72202 83037 97369 62124 72163 88184 75550 64859 9783 4514 77122 9083 41144 67498 20048 34448 53854 48299 85650 18396 99884 26594 49251 65960 49379 79149 43754 2633 82540 54135 56420 50886 89982 88835 68721 32321 56167 50230 85437 6575 26747 50078 98632 7080 81045 17159 62939 64420 29252 38971 38975 93779 71403 4815 39877 96955 14529 76832 45657 98601 69210 69419 51341 9261 40991 55812 9453 63569 38896 4726 97558 95038 85253 45988
100 1549
77143 88102 93135 4083 13307 87325 43100 14562 3967 47302 95559 33720 39332 82741 9025 10358 21298 64130 48619 28452 21837 63948 95467 2216 19868 9781 86815 25730 71661 11187 1078 5858 76959 98467 83239 1756 4085 44594 91827 48960 68737 27723 39135 37299 70386 16975 93194 2715 79505 22941 41589 87583 32057 56472 61979 92494 81667 20978 98432 52535 73102 93132 48184 90921 30243 19249 59482 21685 46860 3841 18335 60628 87966 38775 57061 43801 40826 86521 71478 63223 91015 24118 86914 28884 14503 62231 27906 56013 23931 6824 90807 27227 38134 2220 6694 79444 75809 59920 92779 8111
43125 53161 76463 87745 79835 82212 65390 54015 83675 11214 45097 76341 1817 4306 15813 80371 63460 14340 95565 66038 47282 60926 79934 96316 43082 46729 36879 80870 30382 7813 75976 33224 21831 36419 50114 52036 31351 62569 37494 14240 43572 98547 3149 56698 10137 99133 45802 41273 91543 97492 5772 82693 35672 46031 86945 62684 87468 10739 58247 2086 31305 15972 85822 1922 2305 98637 19758 61866 77251 57259 34465 32337 55132 82770 27869 84422 96968 18574 80328 14506 13764 33904 43478 87758 61919 68541 96364 35457 27726 88831 54923 8029 36947 92694 87049 73753 2846 19494 84413 41058
100 6821
88652 31900 64835 55702 74192 39661 24883 96976 94824 6948 97156 57307 21578 69942 31400 89740 90720 49361 63194 60281 58086 17458 80032 48857 13880 70560 97327 12282 3205 48437 74570 5687 52498 26371 55537 88576 30663 62937 14294 91569 41452 40800 76869 25776 17687 86760 12242 79251 95198 50391 36605 5441 91433 87335 56101 9672 98378 62964 10973 96599 72512 43602 64493 29255 63615 73094 75545 4241 30470 99992 43659 23910 36580 41469 90386 69247 39364 97045 89298 95543 46219 60334 70342 49398 58950 45197 94903 12839 38424 71749 42759 99826 50937 63499 82942 43592 82733 60502 61602 66394
98814 19308 39011 2205 53232 28460 62441 90349 98964 16181 76778 27563 69993 29425 74056 58502 96990 39719 93733 66505 54236 95824 18957 11705 28458 70092 6070 94716 55842 68633 65935 63478 51386 93940 51604 28501 72518 10532 14525 21194 72679 96921 33281 95730 68809 66084 39933 46439 36153 56911 63108 76919 44935 52152 9975 565 82113 41944 23652 25866 86010 94502 56106 30533 40367 17135 51516 16764 27336 58716 56056 58828 95636 71037 34556 89200 64314 99179 3071 87372 12980 71420 21553 63189 39662 79726 96726 31028 13530 17482 75819 84639 21572 64062 45149 38902 64898 44047 64598 43338
100 1125
39895 39250 97117 15850 1149 14246 98531 79115 48307 93431 83850 62305 26127 26326 43488 35971 60389 87063 89036 89596 48094 3460 63143 83627 26815 96818 17891 51470 46015 88141 11453 16144 71393 22679 51146 41086 87799 33056 46657 53068 55037 42365 20647 54858 2038 7681 50985 72327 5577 53548 71296 44145 43084 1144 90298 46812 31142 4258 51813 35919 97059 45134 85832 77999 7709 14592 65905 23797 44077 81031 68834 44867 20433 45722 13643 74630 88516 86107 42446 89796 10576 90640 12780 65509 19828 74742 93251 63978 1909 97744 69789 18667 33195 39014 12642 59479 91569 93240 63169 49766
95528 90548 38125 20439 40034 39901 20398 95579 25284 56056 49001 45749 57721 27181 14617 40168 17576 97020 49846 86784 36557 66696 62545 45522 31099 25326 46192 56527 92753 29204 88891 60778 10427 50854 85304 56069 92901 7561 454 43727 62559 21992 82486 96447 2843 43448 27573 99703 30589 20258 77039 46045 15041 77978 85954 69516 92866 44103 2209 2792 63505 97229 32680 48847 32922 71774 82162 13177 89277 79777 14548 41498 85288 60745 76683 23756 52326 98439 67688 73840 92602 29050 67569 54959 99743 53179 90947 75553 63033 67178 47604 12688 95032 91240 81396 71773 57887 7892 40962 69511
100 7093
25721 2641 80152 54480 35771 510 16836 59300 82258 17261 37014 89985 363 47675 76697 42705 69071 52634 94672 99979 79050 88596 3198 95254 58297 65455 61435 16002 68253 3791 27744 21034 49817 35674 26254 19269 20779 83816 83118 64936 16800 16059 14922 71658 41234 54884 30290 1847 58440 73533 62700 62944 83375 23632 76521 93002 90128 33958 34998 67402 87132 44730 47022 32721 11869 15564 30409 8131 30340 41697 13036 14276 10347 27789 47836 85871 68249 1565 60375 51373 28168 88583 95805 82177 13727 13957 16123 89299 87184 15609 47217 27450 68940 48318 85643 35413 65966 95565 58067 69254
89980 78877 56820 23495 28553 41451 41969 20704 10459 50093 15943 99558 71546 62496 36794 89273 83960 23994 45982 55509 40924 79283 54322 15935 64334 85320 30456 31294 44827 11497 11220 66480 76740 60391 53388 11963 36571 56238 38142 37646 30960 1344 19380 84209 4977 26980 63638 16737 23050 61538 31090 23430 38802 64535 66248 97644 59903 77725 72028 39295 88977 24000 16353 51373 62216 89950 61280 64776 73830 64951 28265 20314 48255 49318 36285 98376 82240 37371 99382 56069 65171 39010 23138 39531 96701 66581 72346 3568 50547 83056 60914 58988 10983 7983 18081 59876 69272 34407 10130 88842
100 5401
3167 7517 45588 84080 80831 69990 44111 17877 43658 30481 81590 49270 31690 86705 3467 97458 19789 53914 67763 88729 84373 47294 55822 70369 30679 4811 31990 234 76074 91835 57867 84050 49690 11241 4484 94331 16059 25056 63813 39567 50685 18152 73216 73611 58373 39799 35248 98210 52953 55110 12788 5123 21421 67181 2786 95736 88947 32987 24842 68634 23162 31223 97183 24507 29103 68573 30729 29402 86833 89851 43776 49084 36392 23249 78116 42583 14274 45727 37880 53743 24485 58588 62808 39267 6441 44093 40664 44510 67558 42368 65833 80245 43837 9663 9231 32893 21121 79836 75145 74156
5344 38596 51669 45267 19293 66552 7533 81601 14702 52304 25325 55313 85226 29037 81392 19600 72471 45446 23942 60993 52709 46316 95800 67578 94701 11206 73556 68651 94892 86542 59007 40045 86095 48562 10017 11982 56786 11528 3517 71565 95370 20583 84299 84117 49580 86273 99131 64868 45482 70243 68272 11781 43371 48113 89667 54503 1813 56253 85222 57704 88164 71578 85347 62828 42148 14041 10251 94115 9803 25677 33075 1042 69453 78025 91609 45961 7305 10382 60927 2929 41050 33659 71724 39996 80506 24419 79845 80345 26894 96779 6534 55137 41368 80766 8815 50206 86392 82611 79658 71410
100 8612
827 34667 19456 36379 81258 7960 86413 69279 49161 60407 31645 17267 25111 4094 35871 46682 63768 89581 43156 90727 4186 83193 44077 1399 23719 8005 79576 49472 22787 15610 47304 77929 56539 8792 38552 9287 35491 57325 83520 1060 73538 22783 13953 21415 58070 96752 25747 45613 24500 66092 46004 88500 26122 59359 84219 86811 77072 19779 6691 6896 2550 80796 44766 66172 54353 7693 5554 97595 88481 70461 15303 20168 48297 30497 27053 37354 86919 67959 57687 54651 98852 85534 84745 32164 91455 4625 99604 29239 36529 73606 48802 84793 33320 96154 28131 54271 55982 32017 32537 61616
17970 39628 91824 62415 15636 74327 65314 99952 99317 34654 43277 27173 99268 18848 61074 83193 8841 50825 88937 73745 82084 48901 22031 19793 71398 38669 69542 19318 849 767 98039 17567 80037 35344 73147 29325 39492 32557 39181 19281 30542 7599 6957 78685 37856 42217 24157 68252 18011 27902 23683 49927 49386 95794 9450 80811 31468 72263 72151 14086 65064 10890 40173 68089 78347 33471 96192 97585 90830 55450 66338 36103 58685 49945 71833 84414 72059 7877 41771 92591 23386 62020 74102 47655 63400 24955 37735 21913 77429 68586 1978 80965 88045 27801 39290 35677 33978 3368 61567 35461
100 4330
40526 43139 93818 48553 72923 35234 49318 10196 38493 69342 9804 63900 81515 90238 36784 48415 66316 71468 75660 39728 87536 66849 51618 92404 9654 6481 17448 94822 40689 66018 45969 7597 28358 81140 13493 59488 59557 40850 47775 30581 72587 10944 21635 67095 83014 69373 70044 52903 91374 42024 93381 21921 35861 18498 88553 39633 30999 48762 85753 51231 38205 57755 19253 27855 25089 5157 47243 64836 276 91450 14406 64653 64801 55700 55678 8197 87923 29330 43724 28010 24011 68679 26337 98174 79810 99507 51511 77949 48120 92955 28897 98123 71333 77887 25598 42389 97263 32711 19744 26330
52287 62254 65170 2843 34908 74655 29815 13398 43298 27223 23098 89036 15738 88974 69139 51579 46220 67010 94969 90437 19090 3598 52591 18947 63833 23029 39986 17001 19799 14999 40051 42234 15374 81895 87379 34743 40177 91866 55001 61326 77146 44944 17725 31528 93818 61336 43226 14855 1078 89681 36427 74861 72570 45897 59943 12524 71826 89667 69527 52083 73772 47854 47629 33401 6803 63025 66197 77956 68990 28193 22879 69307 42638 49837 66967 58497 97659 93359 89380 71320 98406 68562 53075 10712 64961 43452 56203 89266 65031 31040 30253 87843 4156 45816 52604 58940 24080 78087 38587 73883
100 5115
5329 21977 97204 75984 94308 70666 2678 71034 52266 54083 77756 18630 57051 40845 78371 70634 45400 21354 49827 78449 63087 1788 25141 56158 41852 33003 48241 44783 99412 8220 16477 64204 5395 94450 77110 75952 44805 76125 76929 14014 42855 61621 9122 94781 52120 22343 94767 47186 1102 99592 37779 46822 44231 44431 87015 79841 39559 91691 31960 82758 18460 3336 9129 87692 12315 10951 2889 70883 51674 94190 42686 87872 53148 11249 19841 48331 66068 5619 14436 93301 58627 81381 48268 71019 3226 45538 53093 61313 94162 11584 72592 34478 22907 24850 12348 64017 37447 85153 77406 7352
33453 32871 96397 27629 63302 83692 33686 19734 10155 59579 50257 50884 6740 37809 64174 72974 87838 87182 9088 92937 20418 4490 90546 19578 8134 36483 7196 62961 29359 50605 53206 14422 49642 49902 33943 89151 11174 68924 98233 85370 56568 10901 29023 65106 43166 86596 35507 51494 80957 14900 17552 29358 46369 23502 5476 22766 79160 45883 46818 65233 70748 75957 81859 75355 14898 82210 36017 69076 74184 54721 37237 22702 85766 50058 42669 80187 37718 24137 6115 76701 8121 90022 91755 97781 9341 31989 60429 33594 75664 15268 68521 7450 45824 20793 9610 50877 80428 1616 67605 34832
100 2216
72145 77689 10334 89918 40755 64572 53351 9921 71176 41572 59441 6694 22295 94126 149 62699 9922 65939 21588 99316 69459 6392 90196 33060 84428 99514 91369 86096 47007 40974 38515 53902 44950 37443 82303 60509 68909 47147 1052 74300 39188 42610 15693 40362 22827 73424 15413 48635 12404 42742 30387 59047 43662 60416 13683 99805 86710 77167 76886 73324 16499 71509 25613 92399 94151 90994 9663 74078 69532 48337 40453 76727 78060 93069 89625 85561 76614 91964 84269 41360 85172 65302 9709 89522 2300 77750 43164 73075 79030 95810 65145 90934 85621 27711 53421 96232 71029 63943 18005 3850
34096 86065 68613 45319 2297 26533 24576 78338 30598 29123 22012 63474 19044 18423 18642 28569 89439 43641 73151 6424 13202 68691 7098 6322 48220 51986 78956 98585 85389 40395 90639 65709 40352 90560 27443 83911 96254 47961 28453 3311 44356 4848 18616 28490 69461 91239 43037 83416 62058 49590 93433 68972 26491 16377 88889 59441 22148 85442 98166 52581 73617 93021 39913 49549 95194 8816 1015 66118 80770 27665 32702 49024 87688 71594 69549 52893 85768 15500 52020 48170 86258 47940 92250 88299 45477 41491 18620 92856 10829 64936 85735 47602 94695 63472 59937 48863 50334 14015 59310 94316
100 2514
8005 1845 38910 84620 75466 91427 79707 27413 25925 60027 21446 9909 48619 75642 84723 69799 72318 31357 8837 2528 8741 4820 55465 21788 25344 42742 47158 42334 27297 38128 36027 68592 18740 58836 83425 62838 50804 78719 28178 73781 10619 22174 57295 67729 7315 50781 58230 95349 32988 92725 32962 82923 24444 95064 35783 65528 89800 12234 48584 72650 39787 33505 44621 1841 34325 14537 56615 31248 49709 26368 46156 58420 52261 8951 54145 79037 37588 22339 28561 70989 97981 76179 49185 74634 69283 8681 81988 95392 35745 69483 29816 45496 52059 66436 13641 29780 87472 18622 7410 93887
83781 97540 22262 92400 62341 20373 50107 3416 22395 43192 87116 33707 32254 66772 44814 99529 21048 37103 96543 40549 60818 58651 27737 8922 40551 33876 5403 84415 91388 58379 65547 96216 12292 68546 76946 52193 57754 34051 72436 50599 98303 98486 16538 48609 99413 27110 11896 50939 24099 14733 968 48177 82537 90464 67660 33624 85553 61057 66984 16469 97824 81771 76334 8637 38256 4698 20535 61628 87543 85528 74795 91661 19374 98373 82316 64699 13062 68156 75646 35083 95218 61782 94188 50259 98312 57666 27860 70379 60992 19090 71367 36995 5132 56912 53791 4925 69413 6957 36473 76832
