20 100000 100000
100 3949
39477 82103 82312 32639 53191 20811 24844 31340 52791 43813 40040 81406 10015 39220 23282 36546 59817 29442 56481 3418 91298 66785 2314 52199 71186 58871 64016 15119 87168 69328 65935 47942 2905 14018 55449 68671 32470 58470 30202 2213 63198 65263 12651 77668 14765 88607 6008 30114 71221 97235 26364 1096 88235 42359 16104 53641 73885 80947 31902 41752 71356 19952 74675 44104 8182 37144 18336 58920 15452 8314 91711 11224 59339 76214 77942 38129 4891 46148 37377 44325 36255 36601 68663 95233 4495 22796 93337 51458 19493 4417 96453 43222 67437 80981 83406 2847 78150 99256 70767 69159
23786 8110 67784 22815 2665 35718 32442 71963 85958 95615 56583 58580 75754 3999 77218 97079 62516 69717 94977 71957 32850 40709 73875 50954 69343 27367 49503 88074 12082 80054 76417 52253 68206 85540 54047 20811 35566 29953 94586 46772 62598 98350 98446 74729 18302 58208 16193 22987 20049 99545 70899 35796 38434 55458 53329 15539 32262 7989 63760 60162 19177 41232 37543 8213 25776 70196 61706 72143 13030 95882 2421 11329 79079 62436 83164 40521 41700 39035 30423 34043 22481 24344 33843 17931 48024 68530 59112 34421 3963 27982 22870 20004 28498 15558 37092 33544 50821 2246 52925 56197
100 6769
21668 15804 97152 31775 76633 7946 54960 78605 2219 45213 85691 811 61181 11758 63091 78126 39090 85204 7013 83015 64473 1115 27261 52030 2344 61531 4741 43142 22373 55057 41380 86188 38900 51054 46076 14490 19828 496 95315 61116 9231 67962 35507 1653 42477 44904 64533 47013 38168 95157 65084 58634 44137 35369 67207 51683 94903 40178 79712 98953 60032 31582 87767 78254 69732 27329 30381 63818 84572 8273 54231 40175 47754 37934 11311 84327 53820 59390 21419 47893 42903 21606 83193 36298 81274 84111 49168 8119 78993 96124 8098 23976 62814 84088 13003 84499 9837 28595 1948 26112
3669 98329 96534 36659 73850 64230 66871 49903 15514 85836 84548 97652 46036 55430 1224 23431 70238 93116 32174 8312 80352 99779 94111 83113 75367 95254 93955 85051 6767 67865 32276 26479 31725 97318 36000 51287 25372 56666 22752 6545 51799 46540 65287 26614 17155 45846 1346 43694 83855 1775 32528 98517 97005 35803 54574 46811 84709 41064 21769 96261 48064 55019 23375 69219 69172 42672 53645 17385 96676 58112 93075 46024 2152 21486 56807 19155 12135 33294 63912 97305 63137 72278 1299 535 4136 82731 36616 84923 44420 79525 96173 92806 33855 98774 12424 43545 80722 60229 67953 31899
100 8465
77251 68135 63179 49293 58460 79303 93967 56083 98181 59871 86749 97639 17673 45586 99213 28155 67509 79577 56239 43232 15968 18177 99186 99461 46883 9178 86143 42851 34895 55314 91084 51872 212 88501 95761 40106 75446 44212 5716 44231 63817 65436 90930 14323 68215 62575 49569 6123 31098 19522 92347 96204 35232 23448 91822 16287 39840 19489 34844 27374 69205 96091 40076 30382 26746 92445 6546 10816 9595 74636 11609 63414 85314 34278 85262 86410 35326 13429 79849 36255 42395 6497 37360 54187 13567 4001 33426 16701 33956 23813 1539 61188 60955 98188 34306 56129 20780 37563 49662 51120
12070 15543 9301 73230 90557 92630 71092 48063 53867 98646 90414 50579 87410 55838 71709 51504 21386 74140 63568 74374 39086 92190 36321 90217 20188 24380 69564 59542 59284 43324 53425 25222 88960 45713 86106 36948 81441 2814 4726 16013 57423 11450 98228 92913 19052 88525 77233 24866 17045 83906 12648 85005 14762 50114 21709 44008 49170 39584 58064 1261 33480 92512 38239 20349 72435 87764 22586 60368 22779 53993 27327 69891 96102 1778 33900 35444 72387 91255 58725 18256 90413 86502 61923 65160 66933 85708 89197 55710 77373 43911 41378 94832 11790 54783 59440 96533 56771 57782 4287 32690
100 3360
51083 2561 22621 57405 764 58871 70572 75811 9945 89183 43963 96858 15975 49358 90956 27832 67624 10450 56453 1968 34398 55768 85584 23568 51702 38855 36260 57418 14493 20524 7495 59330 89704 11521 61174 51541 96189 85009 47208 28116 38039 46542 15502 18217 74566 39447 14229 63194 85815 78888 95793 87095 10407 97851 62659 60550 68435 91712 13061 69139 55323 2756 94458 99153 29033 48209 72850 15156 6166 74776 93260 95675 17162 40840 84888 16232 56988 79657 16813 97536 78093 6408 70834 81739 31998 60708 16474 7258 93243 5666 85426 38528 87179 48335 64716 35570 51346 88182 40212 35725
72188 23903 90640 75065 71582 15423 22260 21753 90361 54552 41658 71210 74364 1424 11610 37490 36431 90670 26614 24221 52734 43854 88553 51529 46229 80418 91329 15254 29171 88830 14708 98949 73334 99821 38977 46524 64786 49056 29058 52626 32914 58176 41502 45247 50030 77187 95396 11458 58254 11529 42246 12262 12176 43078 16553 88723 56796 67282 59077 45338 46012 32997 32893 37232 58150 51802 36642 14731 9841 64606 39928 67788 28471 36023 7780 8687 50936 30763 13269 4186 29089 56355 6491 17177 62186 76616 29805 54670 87403 66364 88970 42399 86120 49237 82749 52520 85293 13980 19630 88583
100 5349
11866 69510 38399 98044 73665 37517 83021 37510 71826 76201 9862 24087 86357 44113 72469 17223 47936 51215 95404 42931 216 80821 81369 37504 54453 60778 83204 7578 73422 6092 63225 82461 95527 28946 79150 93609 99642 95612 91464 46562 9951 32502 71709 88279 38566 35673 78034 58082 21868 69413 48816 13133 31718 1321 58343 53637 25883 43859 88335 62361 86350 48409 94585 31325 7950 58001 56597 87109 31584 74940 65627 81705 52879 39959 14195 3245 5793 12790 71347 7459 26376 84911 83583 99184 68142 89078 43970 85375 87377 20252 51970 9384 83632 92407 61980 92311 49042 46576 99049 23031
78860 89124 52018 86921 86971 54364 78886 90718 81190 94302 85207 61386 95702 97848 66721 77008 61803 13860 66313 92750 51741 72096 50925 97615 94014 86162 7069 17237 53350 3310 1898 60782 11892 53548 20370 66259 24366 25818 76458 37079 88203 10440 28843 29304 34990 429 20295 40328 91769 22799 73859 20434 52144 20328 73444 89134 84999 17168 67177 82192 59854 54009 15566 348 87156 85037 78910 22203 12190 13371 30042 50929 47059 23774 93326 3274 80422 97296 7524 57666 99428 97991 67496 35673 89064 27018 17265 77091 34585 39435 56289 60025 41150 45336 77326 38078 34690 81052 69296 2857
100 9814
12755 7920 63459 76187 4800 46961 59530 13416 86842 33425 16746 73923 63313 43031 5803 58551 20173 85710 3024 92022 65857 22387 17066 70666 77428 70344 44787 66832 85438 87322 17962 6300 52 62267 17641 98590 49605 37182 96463 96059 93993 11293 51780 30295 97835 50850 22469 71495 91028 13808 42820 23947 23026 29458 57729 69107 7893 13070 97772 49630 57483 16498 8800 80391 32159 87464 66094 98441 28320 50227 25787 39997 60898 37261 68575 75848 4789 91831 13819 60901 22896 67513 40452 11976 26161 86315 9291 13261 68057 60816 81118 412 67746 66882 99560 75064 45904 79159 44651 47709
31697 48269 66115 34895 30201 6400 12949 47737 86925 29893 3932 2898 86058 99986 44648 20637 47706 33843 9181 77938 46042 17720 46368 37112 70766 31851 72030 92925 57917 99857 5003 34218 95229 54379 69449 92810 29530 65328 95393 71499 26431 28420 95870 30196 5038 30266 82206 40159 15239 33500 36908 28067 85964 68289 25356 93531 73042 16551 37504 67621 10261 8280 84492 60654 74153 62648 18457 19267 35395 94030 14312 29066 97254 38443 12929 60582 89184 23304 2531 79889 63410 73998 65354 19431 26049 15225 58323 94064 68430 71583 2644 35551 74344 77934 19944 62880 28762 18014 72230 75764
100 2725
70149 94461 31847 53009 78851 78438 83339 44669 99590 91352 68383 29352 77400 98510 39023 33391 72060 20537 33696 70431 92157 46757 78006 26793 97653 63713 43100 70439 1310 11675 67633 84833 40816 81065 80877 97785 95652 75192 75238 26809 16529 29450 51785 51886 90570 29227 87858 74576 51345 56631 21664 1599 96942 36224 20168 59598 39509 94859 50963 53888 35018 58384 27234 31854 93281 96177 44366 90870 22843 96083 20675 84122 50571 13252 10518 25912 4848 48224 45756 15563 66253 55490 92602 40243 7640 47891 40197 1630 175 26267 50859 30641 2498 83781 34395 38882 91216 75171 61227 56258
85761 37337 18719 31046 54336 82588 10755 52804 79269 54825 7509 73416 182 24010 32661 62163 73458 6758 97524 22850 79878 76819 57630 19456 22219 17621 69655 22303 27439 54160 13231 33762 93444 3315 64609 35728 51810 36374 8657 25814 99886 24587 60848 76669 76323 29271 17204 9483 5921 90655 53537 74119 30336 79683 33227 64939 6180 74902 71108 26097 43527 97556 983 34308 8819 88248 95758 65038 30770 57045 89033 80186 84195 65324 96023 4100 73072 93555 2725 65205 64687 8308 12014 14260 78991 70278 25342 1890 79608 85524 65473 72851 71872 38815 70848 67567 65150 69982 46247 90905
100 8306
23943 5116 72365 89775 43099 52023 68344 89334 43385 65149 66092 2064 69128 38215 34242 2485 78805 54659 83785 53511 2348 53808 67210 50233 23342 49553 20874 29900 4295 60159 9953 27699 53214 65662 30477 8363 56566 9140 54252 1572 67051 19280 85970 70079 83385 38971 77918 86809 71196 30869 85698 3631 22468 9475 65784 30002 0 68089 47299 4322 28284 28384 5884 56599 75522 56380 6505 78666 22153 41627 39355 33369 37290 86178 35716 30817 74619 80597 63876 9260 59493 22792 74779 11046 11497 39297 64267 42997 95117 40541 6178 81282 85006 10766 99097 25695 94917 65151 58509 84335
14765 61601 20425 88175 2735 92161 63539 33735 63836 44305 73618 82636 63316 31884 23817 54590 66128 34894 29175 32898 78720 1807 67306 43273 78868 42377 5528 28966 65120 80938 57315 34948 98713 12310 62494 26696 81948 29959 90992 28851 61357 53004 41803 33736 23686 66346 42787 26896 2844 69806 35702 51376 66141 12043 39732 30800 52316 57403 49964 96625 15391 8981 11116 17408 16055 53097 328 51037 72942 63264 17017 51553 44400 86833 76684 38427 95945 22334 56271 7766 88151 61006 20332 52129 77119 91702 12318 57264 82092 26464 16304 46193 75220 22648 73553 89112 22139 71677 58037 37153
100 3588
1676 30164 72448 82913 63242 96368 11656 1189 92981 89638 95599 38731 9767 27226 89871 52533 11441 98182 74221 67336 83753 58836 3140 71661 42439 18887 52781 67158 16084 79653 85093 26618 93197 41426 98920 91741 86695 11953 97341 15877 73301 39536 48062 68061 88974 1260 599 48286 13379 77036 67954 43558 26363 11469 74272 22619 99729 30548 75549 57374 21065 72161 95245 49506 50639 99091 98390 38420 37327 32316 82649 27547 3832 93877 9507 11998 57610 53696 60608 47775 49835 97433 31214 81837 22894 79366 51773 94172 93788 75251 21287 27438 76696 51880 77349 96020 94864 73478 39281 70224
85217 77040 3984 89012 96639 94572 85928 11063 66199 80834 53469 73032 35328 58990 26208 69221 64864 34730 27441 62 3347 20262 9930 23248 12935 30125 26421 74283 68973 20409 16461 18011 14459 73611 50331 31951 17424 44463 70741 81395 31615 43059 98532 57537 64678 67871 2036 56128 11359 26741 37264 19512 33915 12717 86739 93509 15303 17687 30368 89038 96599 18029 83804 73648 90604 1060 89600 54693 19534 37071 74624 61884 15641 57067 35902 79954 19752 14712 2872 32952 1751 85927 70780 18178 2315 95515 58470 71938 78056 29068 53288 23087 3504 89063 97856 15772 37260 26250 64150 80738
100 3892
58538 94012 24378 59529 20658 50360 35316 56469 95211 57996 254 98555 28493 59672 19091 31098 94181 40571 95699 93699 40576 99875 85901 89099 19224 36888 98953 41993 23370 40939 42266 92348 71824 21445 12415 76712 41389 99955 90539 83860 92086 7228 80335 83329 72729 49772 37 63239 95013 87060 88622 28649 3573 8230 70282 37753 79984 81690 85447 55408 72836 98699 72591 28076 17899 35553 37588 65392 47137 95998 93579 81020 74392 88060 74175 19868 79635 37832 93872 49025 89761 52729 12578 12924 85307 16730 95044 13467 16765 58434 9227 67376 57946 55155 70128 71201 34853 62991 89591 45585
16323 93649 94244 32511 46378 63906 23093 60407 79909 33372 82797 3945 92824 90428 49028 6099 95358 2677 60968 94001 25196 93753 75908 11654 10295 61205 49814 64948 72382 65786 52057 40225 92209 67471 46659 86898 20528 93058 68743 1839 92289 4964 5617 13232 96703 90737 38903 16406 73649 85778 42214 47902 28241 36201 66131 82321 74494 96723 70209 28063 21251 33026 58066 99426 10410 83505 5138 80554 52273 22740 49536 99110 1131 54009 3977 48685 92784 51163 3669 83168 38137 35507 96266 77439 39013 31891 9823 37416 56139 71127 97898 64391 74225 83024 5382 95514 17818 8059 25116 83452
100 9549
8458 86775 18739 20689 112 16149 81823 66465 84436 73888 30293 48107 73930 56119 97690 78724 48332 9823 38166 67390 20680 16253 22767 68469 15460 46790 13091 73478 17697 70077 40809 21473 54296 42347 52023 63074 60868 27468 59911 93925 25100 79637 65237 32411 58961 30380 94180 55156 8677 41300 6396 38968 78292 22275 69989 80194 10088 98229 80380 75402 91498 90926 17010 17539 49508 42769 49332 78136 61017 59697 48907 39736 3682 66442 65871 68009 2913 60351 37119 48799 71596 59144 57134 23481 50470 28219 28100 76774 67384 22903 84617 93116 55221 64156 33691 27829 41952 5543 66105 70218
38595 53748 44119 39413 31562 46116 52175 20511 45444 63159 77841 4427 42231 2764 59050 50563 41985 94010 89060 52057 29659 60011 66910 77819 79973 67094 63468 12657 91145 71455 14760 30743 76158 15051 41936 35466 4011 88943 14128 50246 30103 38262 68796 87944 27656 24033 94797 15716 65852 68895 94678 34530 32697 61403 73821 71094 42846 30440 17975 85981 75352 19852 65614 38298 38216 31382 10051 85582 24656 82627 17791 63116 86154 16860 42318 47485 11344 3316 46716 77605 77793 51206 36570 45638 86594 3107 95385 10600 27921 2908 26504 78820 95908 78463 31468 65385 72031 48287 94136 34848
100 6533
31444 31248 40643 57706 795 40328 71567 50707 94215 11406 24792 74329 38507 33242 35004 50153 55552 27000 50495 37730 13119 51692 13894 59427 6312 37953 91592 5167 10704 20108 38475 55560 90415 42276 83883 47240 29413 27933 64444 55803 76069 77241 63511 28554 18167 52287 38998 68591 3798 67929 19689 53464 87260 1166 28526 80368 43726 80182 46524 96408 75428 30997 32488 47420 47101 10063 76564 36860 3773 70944 35349 97438 30519 48735 40848 25443 27147 13513 56713 42744 33355 99154 95675 9945 15178 88343 25169 93763 29139 39458 51239 58725 88209 56874 27392 89537 85837 13793 67693 33750
7924 55309 21022 84976 54600 24790 83891 73599 31559 30797 89358 20159 22736 88075 50568 4272 27330 834 57158 58630 50612 60648 93026 31490 28946 4720 58876 85965 21790 25758 98813 66207 16808 36569 97316 49138 20607 8124 26434 35282 71873 88498 68425 4358 53326 740 25197 10739 79213 30624 51110 34425 69060 23140 95556 73529 13608 35004 1302 11219 22054 21317 98763 40182 57501 56923 91540 21858 74764 84049 51073 50620 18846 46755 14993 43804 52663 31960 58976 98572 71013 91520 99031 96259 2716 90478 99936 95871 26169 80370 31383 3045 8342 7400 73927 46733 8568 27041 29030 17690
100 4092
25113 11343 91272 74166 58697 19077 50302 25460 35895 93539 91249 33517 17902 63166 46521 86367 38163 84769 65842 15516 30854 76411 96453 12575 82591 40595 54234 69377 80205 22732 46000 57901 69902 30850 14822 46163 41430 92709 30327 53823 81417 98790 70571 53343 3187 45074 33654 68035 73851 37604 16098 92595 75538 15333 55407 49402 77795 31022 94968 2154 5261 95969 19402 79122 18602 93949 98485 80649 98919 60051 12012 46308 22571 50856 31087 9633 93693 70270 17501 61970 58804 25248 2278 84393 69695 62959 65562 17223 65009 59940 10723 7743 13882 76268 52619 44582 36183 82164 38478 31222
22378 49407 69724 91485 24364 96027 55361 3219 25784 63302 0 65863 74237 80829 82007 2001 24020 42769 99213 14115 83563 78177 53606 82837 90514 26636 66521 1412 67261 24631 3880 59995 15177 64593 83853 31805 51005 56865 13091 77892 48091 57563 4187 31522 17187 9814 76899 38814 3311 29921 55640 31799 2514 3918 4827 59261 29573 69032 94985 32895 70782 34478 36308 47603 21078 21440 61045 32790 39507 98777 59906 8087 98655 11909 49927 3457 85500 31065 34494 43736 68364 30345 13713 64953 88367 10097 61588 66154 82569 37421 67199 7038 68718 69007 33096 56496 88643 47473 19157 17430
100 1109
83324 43423 96448 31115 688 67455 66479 52577 73649 93108 30214 29646 21343 50854 350 57310 11403 56820 13099 14099 64544 27029 91784 67778 70345 15262 23771 25132 28692 52813 51724 1781 4794 16266 40085 87823 86000 93220 87815 72943 83232 48986 41191 9015 52808 64018 38884 58920 83859 23796 7663 72799 63858 88033 8056 91534 20069 53676 44029 36622 32099 61569 73658 28676 63651 63301 42817 25670 79371 70583 94419 50739 63689 16540 30721 55932 61793 77214 83322 31082 94776 39089 60831 54676 49500 92849 64957 38837 8600 33338 17856 67613 99274 29326 79365 73117 16276 21653 34714 27195
23782 15549 4455 10854 57524 98696 73076 63180 51333 53743 10849 22186 92525 70086 96652 90485 47993 37075 42996 83113 10132 94809 59009 93933 82076 96146 74607 23261 41289 1817 25387 8514 57057 12741 73882 50198 63502 35427 11532 94302 53786 78815 5644 94191 32420 5808 50851 47226 88382 21766 85662 20367 54991 32066 58532 49980 86666 80065 36037 19345 71998 95537 67330 6582 92639 25040 80529 23426 12774 90871 65264 9892 56263 99470 30386 35773 58057 76917 6471 10791 55868 7706 54032 86335 46651 73683 97833 55372 47993 11147 94895 5892 80790 14362 38927 32879 59305 33593 75970 36932
100 8839
59309 10505 41644 10456 63660 82277 84207 79484 93562 12609 46967 94865 55053 33728 667 80420 3541 42151 48088 31933 88265 67128 85108 9015 7234 545 18168 68233 19472 87558 9679 97444 18315 62588 23306 14485 32557 17904 32253 64410 43444 47668 46554 20992 31937 86188 56450 47034 45031 32693 61343 2135 34139 54119 72125 88090 60213 99218 18724 66350 86790 29833 62871 94671 837 5209 7318 44065 74502 82517 22907 86119 74680 52985 77796 94590 31622 12480 46939 82642 4199 81482 26963 86333 72282 18150 33400 87810 65492 97736 99996 8207 10455 60046 28611 8969 76052 21844 37200 54561
42282 75582 22755 95277 81403 55672 93189 73960 17338 86702 55535 65807 74612 3570 60726 22916 12067 37427 13242 85191 56295 24756 52691 80876 71429 3401 59003 31226 30231 26257 79227 47830 52825 68666 84479 58709 91565 96600 89077 20651 43170 3486 3354 68957 50086 52418 37213 17942 21092 19527 18187 84916 60431 10400 20287 12664 33621 74355 63368 52384 78835 99455 11758 83077 38009 18195 55614 88809 85510 41357 92668 45194 91467 18426 23546 37864 58009 28967 59598 96533 21434 79381 59015 97657 72643 65558 52649 93883 48753 69604 20377 77392 46857 91653 85224 4125 69265 31543 26367 65917
100 7944
56645 32689 9958 95828 40204 2501 56037 47901 91992 78450 75866 78147 47981 85650 85794 85393 18603 35932 85719 71702 1785 94879 13011 1684 85870 48521 25891 68031 89427 91240 60564 23443 28141 34559 72216 73020 9963 74938 59325 1507 26786 78270 73249 37780 41897 62277 85825 18226 54564 68748 26221 55820 19761 42660 6891 95244 20934 61584 83326 31230 99660 52077 56324 77342 18062 71158 79073 30494 52502 56465 2515 4921 33950 33320 69251 61612 54725 28985 71437 96818 36942 23223 99641 28549 30817 18028 57325 68717 52061 42030 29475 12598 25444 42332 53163 16284 33358 2421 18485 91177
18344 99344 40243 23720 46017 4197 89142 36412 49263 77886 3734 64631 65399 85819 26184 4821 33651 36131 37000 73421 73089 46551 55133 21914 832 70336 48540 93384 45649 81118 56737 67357 43942 38161 47060 81810 58615 33090 74726 99796 27347 27627 12804 20249 78447 32047 53807 5932 40782 99952 62669 84259 90681 1347 76364 48462 53376 35970 61083 30312 83285 4977 70922 7670 62736 35199 33061 97293 15189 49122 33087 52554 24235 15766 68587 36080 2154 361 66801 62669 84300 79274 79690 6013 62193 6763 92718 51101 64171 89870 77827 12817 10359 39494 60601 3242 60207 61894 68432 85429
100 5107
74809 86953 76181 87018 77616 76287 97088 73312 29091 27553 34404 98328 49924 6807 60868 14663 43538 33192 59821 56293 46445 47151 19531 26446 4643 99293 67713 64755 61242 58608 10467 63961 35245 12699 42667 41233 9453 46097 97741 65970 28584 12243 10147 95450 73712 36787 54137 91940 29958 49578 7639 55405 1670 80707 49849 81428 51760 69063 96967 9430 53245 26788 95044 55878 7354 85542 56276 3238 48315 35315 28279 54050 75571 93434 94375 14530 34346 95800 26682 61271 94900 22665 68353 85335 59381 22588 88073 15714 13987 73975 46623 58537 49653 75746 53313 70306 63446 82605 48522 36788
99535 96742 31407 48262 11443 9712 38630 18545 38347 23874 57923 20262 91162 78124 49572 27039 56098 40228 31861 11697 33933 10146 79784 42092 52360 2618 28098 74238 13983 46188 97909 72236 59180 41964 32468 78220 83961 68735 58397 90321 5710 36659 89675 67749 38608 30559 92637 20164 41959 72464 84974 30835 77035 98910 76201 87491 49629 12512 56927 37910 98899 50123 67701 84542 16658 78549 85955 22593 52289 78192 47543 14864 28347 22024 80219 61186 45309 87159 90390 85978 36407 99559 94922 82694 10856 98007 22134 78169 91851 27866 42602 54826 22555 72050 46108 36769 79333 3023 35899 7093
100 6612
41927 72196 90729 69723 57208 27705 13489 45818 23653 64581 387 88003 44172 81097 39326 47549 50310 91342 75792 31053 26242 52824 99729 75253 72706 99869 4762 16663 58920 20825 7686 36060 23628 20075 73667 78170 20218 91328 25161 28695 23102 92285 40544 47981 93088 32215 55561 86358 89437 71569 83804 33232 44487 75389 99842 57069 95541 74503 25076 45997 79529 36694 40319 60715 17347 15943 6614 94866 16176 57399 72259 30625 35848 23500 51400 27612 47575 64210 42906 42338 42715 79734 8900 65949 84700 63028 96236 81259 69508 3388 42407 57785 58334 47186 62065 15395 38884 45025 81336 48065
83127 1142 11451 69772 83745 50654 50910 95903 53048 85053 70829 38168 11616 77988 92178 27638 12609 48756 50006 53310 15916 73395 23450 16949 76495 81110 55974 58452 29837 62439 50240 60726 53895 84244 62363 14585 51838 58341 82125 42952 93308 56451 30250 6374 13452 24280 37322 28707 44212 73022 75558 75142 32937 16724 65699 99553 96606 22238 25236 45917 11112 13785 9782 61070 99924 93656 34948 50370 17898 49304 43235 90287 17524 45718 18949 36184 76587 67578 59594 79102 6909 51803 78554 78469 32510 20144 5043 98773 63570 49431 53455 8979 53302 11806 57667 10942 81765 95526 18752 3566
100 3815
63206 87640 35955 17760 6301 48535 31414 34001 33409 93851 44687 25366 61597 89784 76459 73001 60659 60404 11027 84747 99507 46300 20605 89204 4168 20923 47069 34401 59479 5921 37114 93659 72270 74449 35234 97682 42842 8400 98944 68974 60238 3680 71441 5686 80808 437 58772 45012 71927 10672 80884 91698 53865 83010 82085 70964 82344 4027 61597 18230 15095 19616 37070 64222 95434 49880 75634 29875 99378 36184 2595 95772 49053 60749 90405 99578 13519 84265 99274 26277 93268 71960 57565 72610 19053 27108 59715 20397 77816 55210 93383 92907 22945 91835 7437 56737 59783 23682 49195 81101
44886 32464 72536 34026 7096 67164 55294 45499 6061 38786 84029 7783 16875 67415 7569 69840 7664 63017 47408 71239 87541 12219 105 27553 92598 91542 8671 36755 87718 4215 56356 33736 24296 23730 46103 97688 53124 47793 24241 76638 13781 70233 34371 71637 53671 56774 13740 37933 51747 60096 94467 80592 70016 59359 72020 91151 27696 97198 1671 34055 61809 11177 86006 32314 22123 23550 26291 35294 15620 62618 93709 57534 66025 10262 66126 17592 54076 13328 21316 7099 13437 44398 98111 86720 98303 3132 46094 69869 99827 23308 9599 3493 17119 5830 57175 87562 73305 1446 1240 93173
100 6753
47539 86603 18003 53108 41262 99435 78614 1157 73733 91606 72050 98483 28923 27754 92586 1531 28647 58109 66349 85514 68985 84295 39303 80586 89501 64541 80606 52766 29758 802 4606 36006 63738 18881 12706 83624 62829 34912 93605 3616 88210 28141 85298 38633 57005 89312 64745 40934 76794 32032 15212 611 25759 78410 31417 17902 71824 32171 19224 44279 49757 21989 59131 65395 37346 23815 76780 76834 81121 28525 47970 27017 67445 39181 40679 35794 32860 40489 59508 69092 55056 5455 40589 48713 70187 21666 82894 6275 96166 95887 15754 55470 75615 45431 94822 45566 69368 41921 67816 30163
92144 53497 47993 16036 91104 44807 7706 16572 33281 8019 78863 7245 98155 81084 2755 51145 89824 57952 84388 82999 42286 28609 25266 53863 76604 13307 76513 8868 97452 10585 57891 61564 2081 71084 75923 96815 10526 57926 76230 84950 40829 65962 78142 73973 1821 50431 93181 91090 78623 6130 28657 82614 91923 78307 17641 69905 23871 35350 6102 62300 84104 21497 13290 8007 99739 42523 31085 29174 19968 73053 50781 16074 49805 46087 81815 70111 65521 63481 1824 7637 10846 61867 42802 78549 15014 37010 4467 70473 64320 12022 5232 4240 26670 35205 29274 85775 63659 17642 65638 51946
