20 100000 100000
100 2711
63376 75262 33606 32803 99318 48257 40742 52687 68326 27259 91612 10418 9688 76200 48287 26297 21595 54008 453 79743 46513 11485 76822 63137 7591 10980 95793 3243 69150 15448 36258 20560 80107 91444 28259 30489 93052 65155 95550 9997 92591 41480 14327 46219 10683 91206 50253 56576 67536 14660 34368 7044 70291 4155 45913 2091 51286 16164 33232 1631 99145 1633 53325 5280 37764 28211 50936 14892 54326 76138 79351 91444 36727 61286 78377 12851 43792 38071 66781 57502 81937 7712 41631 80871 79492 18185 80989 70157 44795 77765 21733 92944 14400 87781 34615 97151 89613 51165 11070 33583
94793 14630 23862 54086 92035 76002 40021 43943 69360 48316 36856 98098 30095 43941 69629 47135 18053 80907 44758 12908 46093 59729 93379 25103 11986 64239 85333 681 46918 47194 37091 99443 87945 45842 3963 15146 39722 94995 2416 50792 1093 41493 10023 95297 6455 23334 79253 45151 21101 96675 53268 66208 14345 28507 11447 86863 86500 44572 78334 30796 4205 46146 4294 53911 57515 5281 4984 85182 99531 62075 58050 45319 44869 74102 66817 67026 49340 72201 18471 57354 32553 70842 10206 46275 17301 55813 71301 15825 50195 55587 97556 89370 82762 90528 34675 70027 44116 52147 740 41803
100 6340
67687 41230 9421 62526 85440 19914 89653 63048 86524 34498 48403 37660 74372 4229 42260 84285 13201 33237 34550 4950 64804 97661 63307 26431 80726 14470 89191 35799 57470 29880 92708 16214 84226 95518 39613 20088 89165 47807 45657 15966 36923 52289 76519 11028 37468 7829 75608 80839 59737 37203 98849 7458 27753 10489 65463 5159 95308 76358 20324 64569 18224 27668 8686 47506 69984 13830 25540 47043 34960 11323 14455 73044 83504 4115 5568 96129 62771 37352 39902 54099 2957 44217 81622 51273 22688 17349 77350 89419 44195 84287 88490 15268 94548 64755 95523 77436 2912 5102 84429 2707
65677 11587 97206 33814 50735 19783 5423 82855 56945 90730 30358 37078 48759 80436 88572 88581 15749 45414 77742 22157 98702 6166 57254 18066 94171 62076 86104 3680 96606 46539 3862 6405 68983 68218 87580 41806 19836 64410 19933 30476 6231 1317 90475 37202 73548 62755 16427 34474 65432 9294 83137 26982 86481 79774 40475 99248 6806 91938 80561 64879 70042 21682 97906 18336 2004 38189 5645 18590 66965 38752 12296 38264 48738 28700 5948 27719 96171 32027 63223 61508 84287 31903 19449 82243 8408 56991 39580 55041 70924 22614 43843 11069 10258 3098 63315 22162 53717 99723 38275 10868
100 4699
41847 7307 15948 4818 9919 19008 48733 19798 45455 7048 95737 52319 98619 23582 63689 89292 57432 46823 28670 61663 22734 89668 99478 9599 38837 94810 80239 79626 50812 34974 7806 96699 76238 74272 99358 86835 70372 99370 27390 26785 14223 97982 82841 41837 25914 59124 65912 95163 92498 37929 58123 50644 78090 47286 95286 29057 5257 8206 42722 34866 70113 17220 26978 94736 47560 94481 960 56099 61888 98522 79344 38012 70617 40750 28104 1567 67647 87636 61366 18537 87324 21193 40277 88979 970 32851 35265 47858 28591 56562 92793 35285 22507 86453 50146 3265 82134 45317 74614 79788
60853 2357 52650 80078 94629 50839 80257 9174 75935 43831 18583 52252 18337 72286 50431 93361 4250 71764 19246 1527 94218 53824 14826 25606 99230 63733 65335 30036 10213 59130 4797 61885 93283 51109 85196 82654 15792 70428 80445 58623 77737 91924 43514 71709 39378 82781 78240 65145 17827 6886 30508 80830 56967 83739 26565 2645 81191 41785 67151 51817 64856 28308 68083 11409 39730 99680 95342 74321 15342 99250 18534 28579 94263 69821 64110 78677 42397 1513 44880 41299 55605 39577 64138 23080 58126 26323 80841 84288 51478 21981 32574 48541 16787 80194 70518 84076 33149 38631 14063 90554
100 1282
2008 20369 13018 72237 72765 64585 79334 81045 40189 58950 36174 21740 60935 92902 14909 37568 28558 17004 4352 7717 36112 29382 19114 39429 70165 12584 1252 28069 74203 2103 74500 94345 88424 902 8082 2223 27088 19400 38378 20857 81432 26807 61168 9617 70837 26134 3498 70602 351 7533 86405 62379 48637 43692 27256 78540 18641 70090 73029 44003 67258 74305 28254 90455 91265 62238 59089 76005 29697 76624 52955 92104 16239 21847 65400 7722 5462 70124 45942 13359 57242 17121 89624 10523 58248 35308 71513 70042 35073 59045 34677 39533 64965 31560 91277 12985 75612 20127 90856 5229
7525 29524 51642 87992 63227 78955 86906 75212 21836 76175 36756 24189 95765 42296 9316 29211 41431 43426 51248 44375 98865 90088 88239 87401 78200 57598 38116 68467 83806 883 86453 35453 35880 8075 31220 19660 19388 16724 89435 51655 18321 66596 33284 49931 91630 32479 38089 78434 9372 45611 47741 83369 7871 10389 43904 10238 44863 88768 56574 99763 88756 67533 47654 90651 82696 27628 6388 27252 74627 15888 275 11745 33410 82175 77737 1191 10791 99583 79502 73812 12655 95109 18003 76343 67556 93025 52917 86262 74852 22931 12835 57213 99543 81435 91920 64874 9308 69543 23518 23929
100 5410
70038 75214 33586 82294 47966 87156 13204 92675 65052 54317 36050 3650 12984 10919 64564 56557 41271 11965 65791 9217 44681 37005 31532 40704 12993 80262 56507 50020 61971 97382 29690 7642 67648 99056 60097 35220 94412 65443 47566 73138 43234 86286 84321 82137 84478 64062 86218 57713 64623 77096 72840 98823 62196 40091 78519 63908 65624 25541 13681 77682 15859 26413 15217 70762 64220 71354 13133 66996 25477 82808 65871 3859 17384 31037 18617 48983 35605 58998 19191 32452 80123 40190 2711 1836 38077 48247 5983 32739 58000 58987 42667 92146 57049 52712 58169 18396 60325 84223 75363 11962
88617 60875 69391 96947 22124 88696 235 62330 2445 25574 46648 36 62116 53414 48812 96251 99570 1067 31810 67387 92575 43207 36450 63061 8279 22136 52023 24680 83343 29110 19190 41329 82975 4545 22189 58464 96449 67991 14019 19219 86970 2943 26332 95244 62693 78766 39910 5661 85740 71452 25182 18013 76152 19630 95048 85571 39296 2170 77716 49697 89784 98173 86854 71865 24009 81795 789 27519 62552 33031 61534 14956 98933 12198 23754 18835 1171 19605 49104 28854 48747 3343 52979 20469 10576 6279 77533 6451 29130 22208 20389 73459 33790 82872 64414 51585 14748 33351 66117 89393
100 2386
25415 30221 88291 30616 97011 2247 2378 79627 79238 15902 73764 23879 1690 74561 61580 67204 2379 16580 81549 42973 63948 36327 10913 25867 67224 62313 47409 37659 90389 54141 94892 28764 31358 31479 74811 21329 40814 5476 58449 56703 95275 94350 65328 88078 35147 29968 71267 31219 32707 1373 77998 7656 69510 65345 17840 30105 6711 46492 34607 92723 40761 28806 54765 7343 64087 4933 75293 60314 59465 73699 93607 24714 39818 31936 35416 88954 16790 59916 99474 56472 40708 3835 25449 90738 61921 65651 48274 50576 48474 28128 73744 70744 18236 70207 89966 41479 74407 40547 70084 17860
36459 84533 34800 81227 28576 29921 51096 11862 70353 97921 85758 12379 88390 98488 13012 12767 74044 1646 32225 76825 63243 87836 94564 6379 55105 62206 50329 59937 62105 60810 19349 20596 46097 84122 27439 44565 65281 21739 4312 51604 48370 83771 60585 93404 55070 80243 23092 35453 60885 67274 55189 10705 94276 71544 30973 8576 71661 99851 27929 20978 70456 30217 41495 46160 61526 46432 33008 72015 53930 66978 14958 12622 76228 66695 94199 87739 3664 68760 74862 36576 32851 99713 5034 44536 36434 44678 82146 4301 36382 71411 26126 83670 36253 41765 50596 88979 56639 28393 56621 48511
100 8656
38456 50054 67834 53814 67734 56909 44740 23698 90542 36584 41535 8992 41657 85353 80096 5952 34345 23542 46838 8611 2014 47155 12488 41813 57145 90555 80476 88229 14029 43722 95888 93640 9601 64325 2686 36360 79714 966 27094 11953 56745 40253 12053 33091 25731 18759 79155 15730 13815 84206 37311 48153 61193 13202 4364 10047 60353 95653 60983 42942 63562 26760 62096 73528 88217 95844 96644 12955 88962 94746 10552 80634 23754 20677 41887 15844 56490 17712 34893 48889 41059 32067 49930 32333 32176 77609 20419 16057 37862 26064 19849 52866 16834 49035 64975 99535 71072 32458 22021 20068
24247 49620 45073 15429 80030 74294 22765 62099 15100 32280 21381 93800 32956 8287 13378 8035 42122 2306 23229 22322 32439 19981 50888 9719 83958 28043 87138 88701 90306 61182 72287 90636 79622 10616 3039 85045 35844 15818 15106 27921 14340 65478 57242 84131 59844 10645 83924 87193 86110 72238 30436 73979 91657 84962 24490 95891 7472 99067 75364 5727 39517 36382 91408 19942 40803 762 26308 80843 50014 45411 65790 37523 490 30774 3243 32022 14436 84774 43107 65554 42065 82052 93355 98211 10509 71351 70327 43007 66766 32380 48613 51024 84766 61626 45686 18683 72561 18552 49481 15091
100 5690
35919 55351 65244 74637 22957 34233 47325 23990 38202 74206 34683 67973 2063 45062 11618 12481 7136 7652 48710 79718 27480 49077 57726 89868 5487 43369 94484 63088 41374 31974 77425 62888 52381 91814 79667 20294 28552 20870 3705 36810 28927 57715 21942 17890 10168 61801 24553 24150 13435 30353 38452 76696 49127 42801 34418 46389 40491 25719 50534 49781 59014 10188 19659 94185 45661 74831 5166 27935 4010 41603 36150 87719 35891 96623 87226 75727 25106 70822 22688 3418 65323 82117 59682 61270 50054 85663 63969 62397 47667 30607 95312 90749 81181 68501 22696 61325 69688 72118 52662 1728
39940 67775 56782 91621 43213 17738 17230 94759 87199 9881 48911 63048 4949 30380 12764 72952 87722 50462 35880 24537 15408 98269 12849 17905 57461 80717 47660 85542 91702 23139 95523 38728 12998 31628 50422 65950 32204 84567 52603 80383 60812 20549 60674 64276 92869 24342 62328 59193 54048 65256 72412 27393 57431 64439 27714 70344 40891 633 47726 64600 23951 3704 16253 18727 62207 22413 53051 29629 50260 54120 54402 67523 10568 5854 20412 59923 51865 53570 33394 10261 53298 68894 33272 79468 13170 64727 27059 45531 43763 41758 44366 77024 7215 17269 2227 56387 38879 35634 64530 56272
100 8754
12670 81362 77516 39616 87595 81170 97290 24245 31308 26696 79747 42426 5589 71600 40524 14331 82787 85222 72484 19554 46964 59613 74055 44926 42455 91259 41919 86817 63040 48884 80464 50230 36541 58447 8764 95575 21601 19514 61825 33829 89766 69981 75555 86639 6717 8753 55894 74649 96738 78476 31663 21979 72815 67623 25147 80751 98423 58241 35070 3485 31991 61655 26438 48468 35791 1310 81308 2053 12761 61034 52943 27694 49924 13659 24988 98818 31687 69086 80411 57533 4283 91520 84506 22698 3395 78310 50582 15604 4754 16687 930 99853 46730 84858 52655 64064 58798 30165 43921 2548
15405 82993 40352 89673 96843 21237 70060 95841 88318 82080 22330 31570 63423 23622 63319 87842 76856 35700 93556 18303 49121 26796 48258 87616 66015 21908 94475 1314 46670 21543 90491 54821 25312 36839 30857 19447 77407 9414 58174 87071 98883 68872 75225 17194 24593 42901 48510 89586 16754 2131 20618 43659 29233 94954 46452 64236 61295 81911 22777 29267 85879 85497 3287 48314 53674 58143 1739 22375 82455 13015 69515 73260 4481 21903 71187 21180 64245 71705 91910 62008 92068 94948 71699 16729 30101 18499 42852 54383 12658 31578 63470 36033 20313 90623 91164 9975 38368 57539 23519 70209
100 4641
23469 5555 20573 75100 22471 19862 39931 28332 62466 85337 49473 55018 78075 61805 30386 57894 74015 7843 21267 72793 25117 10827 43639 80295 47587 38914 74858 79901 66056 98930 59488 54094 8089 44847 36032 93459 79988 66768 39404 74421 61849 27539 71853 29880 64546 15209 34794 89634 41175 97314 96038 98771 75142 43519 77071 86321 81425 35439 34279 21970 25578 16919 5782 15188 70063 60381 9093 81300 52965 5347 33593 23141 10633 9237 13225 24660 98852 27933 19214 74568 99421 42400 21831 73154 9826 96334 50592 76635 83060 10946 98668 52763 4279 17528 89731 53145 33777 9148 99633 70499
35842 32721 64860 51694 53102 93138 44950 85993 82642 42002 59007 65003 80611 27199 42667 80323 91527 40434 67377 91302 16908 75322 66574 13959 54930 4487 40491 33707 35543 45158 35424 72838 64301 23605 61007 52013 28174 25178 7954 29071 69015 5253 43233 96232 77177 79824 5661 28871 77038 86284 5303 58750 9440 19863 5658 33700 43740 56269 83485 57966 2187 30356 24049 43447 54246 60811 15051 73348 29839 27360 5236 54423 85214 27712 27441 66925 46591 67902 77085 93276 3584 16317 26767 88359 70117 58509 13543 55137 26251 82151 76708 86245 3852 55127 51336 8707 44887 92856 98924 15202
100 4443
24734 76339 46991 50439 23920 86543 47026 99710 78627 78658 15520 59942 43409 22119 66646 87411 36318 1051 68861 85752 45185 53779 33729 20020 59265 25168 27402 15262 24670 31542 67741 89618 79543 38590 77561 26998 80849 74521 69888 68476 15278 7704 88577 13007 20876 4590 26918 74052 83205 91121 32981 8711 97667 28563 1398 53244 30923 68915 78768 67392 83066 18846 47118 77555 92761 37809 8533 2116 51245 10614 58944 9175 82470 9880 35430 30539 57667 55265 1161 65503 29227 39135 66684 76039 41187 80096 20164 18730 33253 46447 24109 9565 62113 2609 78483 60341 56683 5949 77974 66453
66378 9952 89554 35306 45355 84467 35964 83506 18815 67138 28690 23999 33762 33817 82147 61382 60691 51505 95254 39453 24126 64976 44869 30962 39500 70906 20558 66729 63716 51352 69018 68694 28485 39077 17575 93835 74287 94335 98250 66206 64759 80163 9476 67128 52676 81933 51981 80522 75149 46084 14300 24163 98469 81768 92355 76211 3416 37272 24542 63061 62593 73727 52412 55472 73985 21311 6109 44173 51915 44875 2131 71787 43403 22459 55906 12868 47702 97755 90059 88670 50592 31897 87285 83766 71385 66579 30258 48938 24103 88394 51020 68825 66393 5539 89559 47604 43016 89424 69309 17644
100 7138
78056 58739 56891 20170 20076 16235 61242 497 59270 78707 7033 89859 61977 1127 80178 78816 34418 44143 99100 92369 87790 90760 24420 63471 19194 19284 54562 93266 86933 32134 95516 39118 48531 95129 4657 15582 73965 58306 33742 2197 65100 51291 82835 42749 35217 91170 40147 99766 79261 63276 63403 57560 88041 66789 66359 267 95706 99657 42185 29016 38808 8687 48650 40904 39620 50622 32628 77027 20828 41413 77836 18740 89742 29743 48891 26713 63263 49246 30350 76450 21908 44929 79861 51460 3381 87221 58516 1569 88634 30045 31792 69632 50718 81172 90170 11982 18146 11787 88655 80051
63491 20412 71203 43037 85681 83797 41046 59459 56950 27450 20159 20264 59629 46596 12879 13881 93259 29213 9445 87091 1754 26511 39764 38193 1804 58886 82533 8337 19488 33328 21353 970 47661 33242 73032 14727 17293 28225 95736 20078 98519 62507 59977 62744 63699 19359 96405 6571 91477 23232 85446 98536 75543 31598 18078 93882 86537 14912 98912 64038 37910 57249 83963 84147 25780 29477 71340 30594 15035 60788 25214 80983 19433 74403 38701 36007 9399 3464 24088 65853 78269 69837 35223 41990 99531 74460 37145 30397 28611 26949 6845 32239 10111 18542 92934 33443 77779 73050 40012 15523
100 2899
30104 87979 1610 85729 5738 94442 44325 25603 9857 61737 281 47773 65419 99637 36936 55867 89927 43986 27149 99094 25958 6798 50832 39262 44873 11136 93024 3630 75930 41356 65592 6148 40819 92791 53930 9053 56845 69159 64756 39175 18946 17799 25459 31255 57552 21693 44582 79073 44373 79464 65133 4192 78920 48872 26330 63395 54178 48087 79372 37033 78079 22084 89353 71962 77282 58835 27024 45944 73685 63928 2261 49781 94595 87087 74724 58064 46593 4843 26071 70962 96083 25348 10414 22133 79128 71630 83544 37558 59541 62772 12635 18004 61041 98458 46058 90389 79264 2096 62434 77073
69624 5136 46154 78078 2777 32532 84790 20649 61596 94086 23572 84178 7383 63723 9829 92481 75453 14158 22068 51678 45956 53967 14971 60102 19655 88957 21481 88454 23147 10383 68059 36250 95315 66481 95637 98132 22262 5019 87608 56122 98894 39866 23455 12677 92519 20953 19302 48431 70995 37162 8011 75669 69236 59270 66113 8296 37785 2050 25230 29929 68395 58125 18169 32855 6320 89357 713 36283 36002 6403 86120 50693 31384 42091 54138 90918 85395 2957 68900 62694 31445 23846 5968 49921 15866 17062 30428 96849 63259 77642 3571 23051 30470 9070 95955 46282 82853 8532 37218 93967
100 3381
68189 68458 78652 43485 56502 54248 28932 27471 20916 60248 95784 54771 5084 38734 87525 43176 58570 68518 89522 35116 66881 30766 48508 80642 40228 96949 3146 295 14338 71241 92196 83697 55089 27675 47660 87539 26777 95222 69998 70063 29857 40232 29543 45240 36578 12219 27580 76230 66140 85401 86262 4498 53819 19600 90948 10688 76860 53594 10911 7018 62176 65714 9624 69088 27289 68828 16620 662 82347 62537 6724 99429 58951 77541 34712 2624 24739 55729 41954 71962 13735 35156 91674 40324 93021 64542 6097 71744 73128 99454 24765 46516 49883 40799 80560 9143 3389 65680 79239 86788
55105 82630 19868 63683 80510 97244 16528 43608 48837 49885 88684 82542 395 5631 49151 23977 2136 47970 2673 28331 75457 74083 97956 65822 32662 93751 91765 71697 47518 3985 72777 49210 85780 66940 11892 91904 80699 55289 98680 59632 35372 19005 51694 1837 92095 51633 40145 67805 85171 66488 44667 51795 1861 91635 5470 25795 54214 95928 18994 6114 64915 84 67905 13156 64783 94774 78092 59119 42601 8510 23402 4186 71372 73183 73854 45317 52622 13923 60170 96027 95180 95322 55179 75356 65909 96988 16244 25318 75600 18832 66924 94018 95873 9060 10967 47645 56393 90433 9062 30033
100 1950
21440 94907 74209 45229 51075 6819 40554 43911 92307 16582 63172 92405 79022 36402 8054 37930 6384 42794 60268 92375 29408 12932 26867 24444 71542 52752 4955 98529 45808 61733 20113 8867 39486 22314 15308 3941 10059 50985 40379 17571 7050 13582 53731 56519 91837 88453 89576 9932 20454 57507 65122 29205 42351 96800 59112 28095 54890 43366 66639 58444 48768 55105 43116 13095 93766 62651 54622 44971 42781 32173 74367 34469 64259 11713 2979 27504 4805 15417 72740 85104 55121 28330 75068 91753 91519 22683 55153 16332 81444 75478 61998 58850 52107 93326 64008 73104 41215 47957 87263 4007
983 35159 53429 70171 85775 26371 56414 90632 4862 18173 43718 24780 35511 82776 13229 14074 16734 73190 66004 50443 57148 59504 51867 70172 34680 25267 5953 76891 81733 27034 44813 55008 5669 24361 84065 14008 2856 3925 32254 86767 27318 53326 38154 87404 96785 31611 23200 43994 67390 65266 96572 97779 72424 21079 61751 25878 87260 92326 6650 16958 72150 60006 36575 29377 56579 47157 55457 32381 87896 10206 39319 31564 85129 48054 81062 46145 91956 28625 40365 51596 78886 84779 36427 12801 82863 86119 12326 32567 57340 74368 35716 43186 73596 16504 10307 99570 37563 42837 6476 67504
100 4749
83173 99087 67099 37569 69753 97722 71933 71182 90141 10328 99752 94306 47277 23674 30085 99134 45005 28201 76825 29101 77543 12487 99066 48344 92770 34545 73625 35348 43910 39910 96721 28466 47886 52377 77048 4143 16373 72484 58863 55345 31437 25874 38530 29624 86252 2850 39723 59489 27387 187 56877 90158 33249 35009 19683 97673 65004 88450 77862 60418 6085 63854 37923 46877 85059 17283 74971 97301 62990 7259 57952 95448 37485 5016 86329 46025 16147 78136 48090 22210 53026 47222 63435 8963 24245 69045 86422 78081 3197 37593 70288 31181 31376 42697 63098 40685 60405 83061 89297 43185
66037 38091 11695 39970 48054 62818 49108 97272 85777 91043 13732 69508 93324 72124 35136 20712 47825 85047 52799 59184 62695 23574 99575 81790 22396 12034 6696 11672 46613 55923 88598 9139 26409 91226 73370 5781 35863 98350 24166 51900 33746 70232 5602 45564 76480 68174 41370 23571 67162 49865 26504 60541 37905 15025 78646 16573 34511 32157 99773 45606 55666 46168 43521 85740 77317 39052 26669 2186 91721 87546 46791 39942 99146 77678 99548 22684 9845 91176 79592 98347 59765 47437 23515 61806 38673 49538 55762 49163 77583 55982 63610 34232 7134 44990 82715 2699 93696 1805 23935 91679
100 7924
98059 53707 12469 60832 4315 81332 99439 1820 64162 8650 93298 58774 4113 18502 3382 8880 17078 4033 9823 30972 9914 39017 58381 60200 8732 88190 60687 36882 96501 85035 50556 88500 93525 29380 33444 92482 95061 61041 86638 68343 43807 38261 27719 66395 75163 62247 65155 6426 14412 53598 13337 99779 45582 37943 85382 37739 92466 73204 84271 93588 80864 60175 66574 14616 63714 54213 64388 24145 73334 45306 14083 10391 25316 58096 56272 49200 91186 25411 13369 34212 39854 82552 77908 92206 73368 95435 88811 90199 14664 79727 49290 89724 19583 4348 80888 8489 29692 11490 34009 67764
14616 98449 74800 71595 77730 48419 7866 17252 82311 24636 92055 33360 1823 97587 60489 99338 52562 84057 38013 76681 15547 79310 10243 25614 84679 50239 86964 54954 66363 8968 75639 29256 3952 9766 82003 13983 74950 43759 68965 49273 4438 93480 17312 47458 46942 46935 25655 90255 13971 97780 76992 75538 84529 33984 77987 57588 77364 26158 26106 73729 55536 25832 14105 62009 79380 45508 69500 10478 90637 77167 38699 36966 95334 3437 39585 26928 65408 74121 81651 52734 79145 85798 7047 23365 11672 43813 7097 33214 62965 6266 59383 88189 8212 62324 8868 77619 52533 78797 2397 76530
100 8100
1024 24152 22699 4168 23809 15953 78449 93024 94257 92503 30408 51892 81892 89099 4878 73007 25456 89979 44909 90605 8399 18366 24377 35514 77423 97712 76695 69238 262 46404 84380 20275 42019 17054 18040 67268 56897 46750 64738 96726 91833 83215 27605 665 15527 55835 67618 213 21122 6003 49549 62432 91936 36728 36101 28919 65359 61765 46276 13624 96461 70119 23008 25299 97443 26382 8671 89812 7289 9059 11146 32705 65022 26077 25856 83833 9972 55482 55793 35554 68916 41046 19714 72353 31430 25995 5102 8113 36463 61789 70150 21674 8051 6168 24030 97777 78880 3731 4740 85910
41663 5172 93625 67258 42304 69626 39732 76730 63336 97225 45631 32103 17313 13941 31655 48207 75268 61751 28536 35478 30201 10635 18840 11323 65107 31591 4610 96910 44406 60022 94357 35401 39838 55055 12026 88362 67903 41156 68407 21121 73377 6401 37616 64150 95269 67687 53422 92232 593 78385 82486 94368 57387 39783 84032 99825 89360 51196 75246 74637 67531 67590 70171 91478 35911 94106 69985 66460 77128 73194 82795 80779 90432 68435 18257 49125 30406 92489 44549 3782 57656 18323 18887 54438 45998 68262 55274 81373 10135 92533 98359 17905 52805 86908 22990 32167 41681 47447 6211 64396
100 9632
54182 70460 96975 42499 17952 40136 53995 9179 7794 7530 56205 50511 3711 5544 51906 16741 40445 81505 60787 34264 59252 48878 25109 7506 57771 24815 19139 51644 64765 34926 15669 78116 30264 88252 36451 93928 25966 23469 61951 62047 27322 11113 70076 21095 16908 83181 54949 86665 1697 47295 51288 99388 11864 34939 39633 31567 63133 12399 79232 18221 62004 25219 62664 83541 78040 28610 62249 58712 66676 44199 83539 26188 63955 89828 7435 98526 5778 74603 80666 15433 88292 52352 8037 53512 19785 19704 73462 65494 92079 56768 43038 83663 84986 85204 58482 83388 32426 28003 37240 67489
50726 10201 78323 27275 11859 25666 91428 88408 89975 11545 91207 5732 55581 78821 19207 5855 83676 84701 69909 27183 13669 57813 33989 89091 88711 62614 95773 77659 49323 24758 1131 76446 4112 14437 81636 74765 28577 37432 56327 74801 96901 96358 44278 48182 41658 26069 10353 67470 31828 93714 10604 33267 2752 61149 27616 12666 43297 40126 7155 96303 83536 5261 76213 75634 62419 67240 34784 4787 47652 15301 13057 89268 36871 63723 34540 76964 4857 48727 79531 38962 52220 72281 32516 42957 93331 21448 3499 49414 2670 91944 51004 18498 34083 72964 65700 34204 34970 69703 96436 6993
100 8994
84979 44541 81349 74246 71302 14559 99217 77066 27131 59 72507 58954 78330 67655 5988 71343 57384 86835 18017 19738 25890 74985 95608 56684 59019 86153 79811 92336 70098 9517 34835 82047 82625 92062 84918 69670 93484 64730 26642 15649 4809 69199 19120 66927 82018 82861 41106 92954 44289 56373 78514 29720 80325 41779 54440 23712 8504 36313 28690 71448 50577 23389 69514 12306 81419 2242 3649 39282 75327 15087 51485 66916 25267 73254 6255 98852 8700 10302 23610 63689 59103 75479 53091 57819 62957 49189 67502 22943 24196 30485 77160 95757 94936 53542 27952 47681 11692 13936 87772 25728
63411 84934 70100 67189 95950 76694 6534 56602 47556 24510 89751 65548 83837 23231 70661 23140 41768 30792 36325 36550 95243 75509 74126 61859 92617 3858 27044 1737 94949 46155 21495 49726 15605 98199 77732 65276 25412 51670 53726 5402 72293 72907 25018 16372 34441 80272 34769 93991 35949 66028 83765 74084 47193 13551 27634 52224 97977 75007 98815 35790 84450 42430 27312 97540 86274 16981 94729 5294 62997 76270 20357 63998 6134 5663 98940 38450 24152 9567 15731 6582 41530 94236 42151 26370 75405 82552 99128 67711 72873 46058 71072 35514 25957 26795 37156 87281 15939 61925 30067 20414
