20 100000 100000
100 8356
39252 49975 43435 85205 16710 92890 29861 23078 18724 21014 23013 42920 80112 65802 35735 37588 33979 10883 25085 24953 22501 65340 20309 51424 3235 10288 47641 67032 95309 77788 26029 7958 34138 21999 434 26078 47162 76272 48064 45835 60362 88595 683 40102 92542 71014 6206 39322 17569 52460 55125 65011 13054 63746 65500 62815 96480 96331 2094 79167 1975 79495 98079 77218 31319 29055 40184 35344 94467 71775 45637 95109 25956 79357 55640 88292 47449 1501 43376 71986 56103 23600 26471 8208 78453 61383 8086 86030 92941 32277 55190 57006 86306 42809 47306 50279 72748 63679 42284 93843
51366 92864 69721 29967 11731 66200 84663 22635 25714 85898 69947 28360 7354 71847 17148 45523 61423 19895 80280 45738 13019 86488 72265 8941 36196 70248 64417 76969 43456 36752 96826 48132 76764 20777 43961 84982 6253 10215 74481 50510 43238 88893 53328 60873 79600 94077 88757 92996 5394 8590 63759 87146 76550 98912 59923 81250 95582 75959 86782 43483 47407 8880 52948 86226 93007 43651 37595 41407 35695 13685 28511 74771 8021 8866 27277 10021 24545 12698 15327 83619 85759 88293 59747 35594 15176 38493 9049 23481 81036 21709 74132 18797 52339 92361 73225 92459 36765 91333 3592 3882
100 7066
15581 88443 92648 75791 44237 91932 38982 98579 82978 93084 60411 38267 38804 10598 750 41831 30057 46790 54897 54625 23721 75790 39251 23054 59875 62404 64475 4588 14872 81031 318 62266 44801 4321 29813 28525 52240 81144 69219 59714 35710 78274 23870 63644 18964 21783 42792 30728 77792 20967 6520 56802 16208 79237 20050 88896 53652 63922 69194 43211 9079 17877 30969 11679 92658 80216 68409 30023 49721 51158 6385 97612 17061 69728 63709 20282 99621 37438 76262 84642 92967 81608 61047 85199 65186 85575 68722 56572 34105 49767 61011 24551 12989 94138 22852 87409 54838 40377 21190 24804
9901 73739 10009 60109 95795 814 61262 75414 722 57770 605 27849 93820 1238 87908 65052 40793 918 12515 20149 36160 42745 1445 94360 34565 43566 49534 25893 15999 26592 26328 96009 534 3991 51316 38712 83845 47099 85080 48294 38170 95063 41482 63789 6196 78810 72839 55276 84129 47721 21382 5433 68835 92741 31767 23619 77727 58932 69735 5586 1642 78700 83089 96817 67027 18628 611 83397 99539 77190 92418 64362 74191 9473 23006 84514 45731 4017 31349 34294 59930 75621 88571 37208 23169 38683 90527 58342 45980 73314 61039 96234 24070 91236 85502 92080 67371 10871 36601 7508
100 9471
1385 42136 2159 215 68747 107 71215 51977 74733 44436 21879 79051 79391 40008 1568 26880 19300 45281 24916 75836 17233 25968 7026 40298 55400 5297 31292 30644 68960 94028 27386 49857 78360 84031 4035 757 22428 89271 68486 88623 77783 1043 59167 60081 83344 55761 19948 15474 8929 95225 40418 95153 62383 87699 7408 42998 79932 64210 40696 39328 3105 30357 36410 61824 73057 95448 94264 38775 4884 3472 76748 18491 54430 26564 66378 74713 9073 29899 70395 78488 20815 78840 71503 51755 79869 19196 31315 64974 67038 83034 63719 35108 14621 61610 69934 60773 52814 31425 52158 39424
13193 64390 83826 71074 88821 52150 25873 68067 40968 69960 15739 3332 27757 81000 53531 584 91135 74038 40112 54207 78433 50672 97871 91954 71430 39675 27250 63631 1576 81489 82025 35059 18366 999 35867 34001 12530 27835 62358 56383 87002 69586 96023 45637 22351 34349 34248 52820 85673 37143 59858 81584 53641 40039 71135 18951 60360 92413 75847 16116 40861 55170 45870 28380 67673 81801 57154 64230 75678 54029 7244 53440 84386 69181 29953 21893 82880 10812 53389 45009 73861 21594 16763 31147 96123 14598 88429 39200 96041 10886 59450 5164 24920 70006 54867 92494 63611 73477 92217 27973
100 7908
34788 81496 11031 45666 16406 51965 58017 73830 69568 4078 22823 55101 19526 5252 30432 79378 26839 43891 91132 10844 27363 90066 56872 30188 83916 60571 16086 83975 54310 7907 57266 33713 68640 34868 18767 54728 60409 73931 93343 18393 95312 49145 17693 92860 40105 99061 16510 30984 48252 42364 34127 74846 20304 30773 14747 75530 1873 99333 70288 73636 44524 11644 31827 23625 31407 81917 19253 59903 96159 67202 69279 62318 55917 70992 50922 97928 45415 32668 63945 89545 12632 12792 57282 20309 71568 57129 28196 45260 72463 19253 81336 50876 23770 32064 18442 50349 65807 17841 10998 23895
48964 19601 60631 74577 24237 38269 32772 23931 53885 20026 42719 31645 7035 35451 88027 92962 26306 98158 21881 80099 87975 38221 70406 24901 35160 57278 88658 13664 48200 40539 73252 49526 54259 24190 57245 26236 66909 30267 95004 47896 93164 97852 68511 58480 29691 72769 23393 39492 64155 95119 46635 55583 67111 3357 26199 46119 37640 74482 15052 79509 50848 76985 6930 57093 71688 13303 8312 59730 3942 83430 16091 35185 56774 19434 33750 88234 99213 76534 89049 18017 7185 14715 98166 92294 96439 60249 30779 28355 36557 83072 36218 92341 32528 75580 63587 57795 40416 72017 72474 49309
100 3674
13096 34014 787 17338 50471 69118 76707 11814 21163 21671 14525 30609 98068 77431 16967 86797 74165 56275 12250 16988 31467 16986 21718 8074 63648 92991 93476 80499 94796 9204 13238 13896 74526 60720 98182 23081 4788 3575 46595 54365 75903 36758 44409 41652 96068 56699 60829 97638 87927 63416 66078 3129 73261 13428 32952 95558 99046 72954 44774 16371 26513 70093 11724 25818 82137 88118 47917 61576 15162 6748 92012 68551 19454 48474 44100 93419 52063 5665 95115 86687 4477 13272 59404 94766 66479 80271 39652 93765 89817 71799 71522 14893 64129 35815 7719 87529 71766 37237 44186 7752
67427 42076 90446 69544 16699 64457 25988 18896 23077 95310 2598 30957 81335 48968 74949 53276 2445 67810 57318 73135 23933 70239 36446 37796 29665 96399 15393 29925 35897 92090 76864 40496 81074 98470 84363 88088 43724 81299 86465 30717 30046 41207 86142 68093 19441 7480 41538 96226 98665 67242 28382 12015 12384 96673 57965 43900 71160 93254 19314 9506 74967 40894 86623 41232 17287 76801 50563 53950 47927 60675 24249 506 78161 65073 46298 42139 40746 90737 24794 23012 59098 462 53279 2087 59998 71457 22354 92327 68993 44945 57075 66086 43625 79500 26365 24525 76615 12605 59880 18465
100 6215
93527 28836 93854 60781 33034 81319 2511 43559 25186 89144 28184 85627 12441 27205 19249 5157 34426 62596 82659 2635 57334 66833 12358 54102 94524 82622 14743 55213 11621 88504 68908 30078 35866 13880 58107 54319 85544 54133 34877 38250 29944 58156 96233 82540 84842 72985 34037 97379 9972 733 47279 12671 2038 36863 1199 70074 89720 16703 16549 18588 21271 40001 60886 61093 33794 34032 53021 69875 26513 93140 18897 70096 22365 84376 57572 5639 11566 44380 84027 13509 91406 36454 98760 50059 93966 57799 86821 71926 57411 50831 65920 14153 720 37629 67549 12585 62761 20904 12561 29661
81282 52899 9434 6913 15330 10320 55857 34229 45433 68095 61041 97413 44648 74409 46348 77979 37872 52309 16719 78298 72004 47163 70419 56957 90450 3077 29848 13032 23762 24036 59150 7321 41609 48525 47340 64838 60733 49620 53809 19345 82998 38995 19257 93274 1418 72381 4365 92755 37682 66987 59402 70017 84083 65477 10795 86022 49134 31865 72994 77640 68375 54643 71189 93587 28669 52494 75207 45183 96940 51017 3205 5206 56646 45974 15841 70533 20288 50070 61013 18231 96712 62019 7967 7552 39331 33490 22071 69229 67408 81775 80646 31237 93924 93784 75419 94985 55133 7378 76913 78372
100 3019
4759 21920 2240 56075 12551 95864 35710 65825 87026 24353 15971 98916 70156 29135 29915 87321 90133 78856 44083 81531 11978 77775 87058 64943 40085 40063 8430 41759 19645 95217 27541 37819 64471 7118 58142 15671 97841 89663 81834 64616 50861 88014 9130 91900 31564 77776 65678 39577 28096 11073 38627 44873 19527 40614 36226 57839 77193 55194 32383 55902 74118 69370 84327 60252 26041 99374 75667 49922 1246 16492 76979 81201 19560 55252 1751 94536 49525 89045 60604 21947 69979 82305 82459 7014 36272 4780 82529 47511 41531 5568 41231 94610 92153 5622 14572 48411 45478 48042 71591 92555
95980 82761 55854 23357 46169 80037 92789 77880 34926 58636 40642 52800 32753 75548 95517 61917 40433 82958 59379 92446 72071 11945 14295 88668 89019 48558 48426 22116 92970 46127 73551 64537 53147 60356 91180 59343 41390 73853 5782 34392 99171 28090 69022 14241 21768 2494 13820 23438 88380 59461 73312 62295 80361 63772 68996 88827 96219 66016 2921 60646 46042 77874 42093 41728 38039 43536 26532 89403 15016 43138 77531 92341 16846 54720 49999 14610 3213 63310 98791 12479 14192 98180 49231 42602 52544 63213 58986 42308 7080 64693 17758 94899 50610 24246 4898 28254 30594 91679 46907 18570
100 2935
64354 33104 22341 46256 98103 92462 74485 31719 24899 27655 84417 14739 81234 30570 52744 70788 73791 6717 27054 29246 98101 77012 41357 36600 71453 20834 42328 67637 22051 96749 70304 90140 84325 54517 95724 41974 3300 54062 70045 12522 8039 36754 80200 89152 11430 91120 61704 97153 35501 10598 65974 48199 50910 69792 90227 87533 39453 93472 70261 18024 500 89220 30704 6039 22294 47766 68142 48407 62712 44510 28089 22859 71132 71303 87104 47435 88625 34311 95114 45731 53360 63864 83252 57806 14484 46330 68016 74642 66355 45860 23946 37799 37163 56854 11642 53435 16316 95116 50223 57784
4118 55876 54196 94907 22303 13302 26319 13076 60445 41499 88743 13347 284 32557 19527 54099 84806 92300 32676 13812 70058 44120 71308 1509 98616 41990 35653 25683 38384 94270 14208 51135 38647 14283 21276 54470 8332 402 15518 51307 14021 39520 65096 91390 37240 74188 12238 97116 16217 19433 87768 88178 80588 35182 98971 80861 8451 7766 11324 3573 6513 17847 25867 83833 12706 52300 61173 30732 72034 76196 73121 66177 76590 92920 15364 19142 60095 27268 16898 73208 8635 95883 36299 10971 79173 49029 49137 85526 37492 39538 89957 16964 55419 65374 34325 48404 54745 18205 76980 60857
100 1190
54883 97122 29069 20325 12671 43603 21993 7923 18698 88251 37392 63105 37350 40301 36953 61357 54969 84388 76224 61242 32611 6865 65192 19465 36009 46439 55282 24706 31040 35039 65597 18755 64213 82758 2615 9944 54315 59041 9880 69201 37122 59789 76763 80110 44165 31911 24995 44359 60756 52549 33377 9952 35243 86501 15513 6656 8597 91214 65337 59826 80558 37641 45774 31762 66342 28713 25351 58928 2020 34821 44515 48753 18561 68704 81611 87305 4935 98673 37168 78695 16561 45479 61183 83914 44769 40713 49600 75480 27958 23649 58470 2069 79956 88965 92631 38948 41597 72345 98797 43693
66025 34078 48874 34194 5342 49705 20746 31478 91321 13069 69922 52607 26731 99003 49531 84135 21120 66674 6886 89226 39257 91154 14012 32570 18570 68299 71222 55302 82131 29930 54019 49768 4580 9841 2039 84995 25997 62525 51936 16677 15281 68478 26875 22536 24987 96983 19679 84643 10700 46820 55963 74754 27967 66538 81284 2166 16584 13537 18811 80675 44875 94976 47213 99784 90917 90706 48848 24041 27356 82327 3849 77621 94075 96142 39675 94987 39521 36580 12435 98072 48425 964 16505 94717 96272 91436 25366 58168 42082 28960 63038 59430 86606 1948 95708 5077 496 22889 28257 35033
100 7956
282 33757 678 83043 92816 60164 35938 87098 53490 44279 77975 92073 2167 78133 63863 54359 24412 84867 18613 76481 3540 12982 1002 29056 94554 151 28217 17029 29281 71454 25087 42921 58407 65830 29297 34562 9177 88603 6557 97218 72077 13699 69063 61824 45675 88831 19242 93713 50502 40130 48232 48795 91345 17795 44787 31975 3957 72171 17235 19780 97443 26137 62329 7809 61887 73359 18350 84391 16181 42627 34887 49586 7892 27612 41008 61535 30235 27022 42629 6485 38134 53246 6027 16609 86434 84886 42143 64921 15287 25614 32305 96712 68955 23752 65365 27341 8091 77971 23225 38959
9228 15890 57400 70550 47488 94389 20164 28547 75701 35594 39884 15936 65321 26933 7065 13296 13796 22951 96408 85610 61186 62449 3443 84786 27093 97934 31721 12715 76173 34393 82635 84367 18864 93726 22017 82907 76817 9957 29208 82043 68297 77794 1457 10685 3684 58368 9325 94083 54767 44920 61691 90557 25535 39915 69011 74275 86916 7217 60134 96038 41498 26271 73749 60573 39634 30223 43732 80909 62332 92258 78205 75016 8552 49175 1149 83888 15519 85622 62486 73362 48426 93056 86038 16412 33689 73957 63547 19261 4657 5719 86416 76800 2833 7149 19185 87068 25039 33267 63920 56881
100 4109
50666 51663 27355 12033 2335 47380 90100 1709 58622 89786 49452 63698 23224 83588 80543 26475 67210 30530 93203 73432 30318 40989 24064 56459 82351 48990 24762 78439 45630 29365 37328 95669 35569 83504 91324 72512 17746 43024 9341 46483 81223 16893 48282 98791 49020 20085 14682 85060 79335 70687 17302 65715 92676 54452 71010 60920 38493 2938 89305 14526 67774 54823 25459 50721 30334 67812 53934 74788 54145 35287 38888 31217 44623 11579 18140 77980 73869 84304 88720 46394 64964 92418 34616 72781 34455 28008 90061 357 47118 13460 19737 67874 96222 71094 69037 21800 25646 96257 47225 50161
24169 72164 8269 63024 90933 55269 82876 87871 49905 79135 11134 19209 71119 40138 47488 20057 10278 75168 17651 14489 4876 20815 38246 27026 65632 43938 36792 50892 19672 58552 95059 98906 23884 662 24105 56794 90497 9115 12342 90592 88290 74694 68377 22110 37888 24041 41219 53707 86878 4103 45051 54922 11369 19327 41607 43102 67924 15643 45671 7660 21433 86594 27605 37251 34725 31685 65288 68842 34274 88723 70618 18973 78804 96600 72262 4423 61063 34406 58808 5309 5642 70269 15088 90551 68293 45531 42473 52508 85713 48544 89261 86508 14778 95191 9488 28233 66949 25394 41271 40986
100 4499
69404 63504 85545 7645 83489 62580 66013 83573 71988 32384 54575 83870 65750 83243 49017 38580 22546 80190 49257 60169 32858 26365 62031 33093 85949 84036 7200 39044 67659 55163 65908 32476 40013 59546 58330 98354 28878 52441 30343 9175 94090 12642 70105 66730 77307 13441 33951 62059 86217 5974 29791 49067 86313 3430 39919 91131 15358 5074 92850 24333 450 90067 27424 41106 33516 14149 36225 54700 69240 82130 82585 11864 88849 75863 41475 69228 73649 47691 62580 60660 34943 74742 83440 29637 98241 47384 72914 77190 87481 61158 14521 67055 99151 70420 83319 21704 24883 82467 54063 40485
73865 8083 47980 96034 42235 18000 42119 51939 20483 29825 80798 75066 2196 16347 63012 67549 82342 87535 4819 95324 75002 70719 5654 79087 7711 59446 32978 35253 92991 86765 33167 1029 14860 51138 11085 5781 46657 18665 41961 33976 25586 28491 9565 66995 71863 16626 33083 12347 31634 44986 76705 10875 97490 18917 82868 14756 9910 60987 85445 82209 62074 4084 22258 88408 53400 32321 74362 60063 38922 19707 90406 53420 10355 41020 90463 23467 31246 15166 91663 72900 26371 72162 44221 38251 80169 27205 7061 56604 93274 56012 62483 25119 24421 38430 69425 4704 72275 13646 23937 30381
100 3088
6770 54727 51223 4230 5591 90747 55613 73406 39090 26707 72970 54125 89947 45936 22896 63950 37689 67925 39634 21094 93356 36115 68726 8111 57214 87391 24231 78558 2765 82237 35034 35816 87897 73274 15793 95661 56979 84321 24515 65232 40596 52104 45752 68096 74823 19768 140 98692 47823 14298 97705 97769 12345 49248 66677 56142 4475 20217 55095 37591 92536 57727 29762 35623 46090 45584 5205 70959 17400 5013 64381 61929 28990 99014 34366 59554 81504 84858 37825 27691 62910 22207 20999 15138 90534 85516 33115 76261 47685 172 10889 11988 25898 76559 36107 85372 91818 68943 16829 93030
33537 85693 37007 87612 45911 50655 74953 1424 12212 3353 22652 93716 23700 38519 32447 3306 1097 28360 3363 98237 22147 32802 90767 7548 73301 52413 45102 59982 13473 92343 98978 19725 18087 42877 63199 72067 7523 79513 24511 12285 51464 98464 19513 70687 31815 33694 18497 22191 19026 45057 68119 63621 99433 76450 80326 98612 48410 37040 16094 60962 92101 17004 1080 336 871 81405 95490 16532 17396 40269 46346 46197 57091 95779 19501 17867 58382 53972 30702 96249 34688 5286 59501 39150 62648 6560 53191 41063 34136 27092 4387 97800 90826 70585 54886 94801 94576 51043 31648 89615
100 8685
89309 2929 68820 48099 40668 54364 73539 50207 83387 918 25129 36443 37649 72587 79462 82549 94951 21510 7640 28219 37356 24701 22435 43824 42234 83850 67872 89845 58425 37429 37778 11459 6692 26728 51819 67419 19686 73792 82202 62815 88234 1649 15299 16298 13172 24186 16525 39458 16350 27431 66116 53241 46449 53447 86110 71058 90283 58126 72228 29189 89711 91298 44040 57879 71404 20426 46698 58633 75326 98858 90295 22723 69352 86199 14774 97098 5172 81206 81942 66744 13823 73319 35528 2971 42823 9867 97856 11454 79643 68641 20811 39812 86484 73531 19134 58654 77720 89271 22856 34866
43579 97584 49544 6847 54283 21248 80349 30182 67139 89378 91423 31101 43350 59143 27804 83852 84284 71477 77545 50351 80395 22507 13508 41178 74060 42590 29635 16469 71585 64373 52433 97133 28927 73246 72011 85697 33958 36141 4389 46182 26064 85931 39310 93270 85200 71315 53202 36792 6846 73888 13150 8683 10092 76617 323 4989 75602 64770 56961 15489 32993 45882 59803 45021 52829 98647 96714 60349 40007 1047 54342 92607 53834 83932 95426 89966 50112 68269 73103 25998 64811 21341 88417 91529 97616 32206 40432 65679 81057 30397 91764 39971 27375 4821 6812 88980 34275 19037 14134 93367
100 4148
50931 51316 44900 83015 52348 57901 40711 90806 83328 56621 81313 19592 93650 50426 90086 38263 91570 90857 52570 1297 24040 78891 95770 77081 86263 77810 65923 51144 93445 44351 2943 69892 44242 82953 52371 62477 41137 67373 88963 868 19630 84577 19031 34877 87906 58078 63442 45569 42607 80718 14090 20140 58944 74076 95363 51553 95610 73984 67537 5514 49414 45280 2772 42635 70955 75019 40499 15957 76062 98778 16425 91093 72999 92981 10611 82261 23803 96819 9782 57611 46228 80768 22057 76411 28914 98247 35461 26720 75028 59325 30232 25937 55152 27080 17080 77605 48414 52978 66774 31747
40092 556 79495 58710 38172 30333 47582 80098 95028 48793 52956 31801 8181 51866 73225 15889 58536 40392 96843 98908 78601 23200 33553 10057 99556 33154 13339 23456 87732 11139 46238 10853 82090 68181 99238 69293 23319 76872 37795 95788 42799 37888 5003 90999 5061 1998 46955 81551 51265 37076 20167 3 85883 46810 96616 17978 53212 28792 29694 49282 75559 19950 37472 62105 82139 81060 2384 14371 60527 98867 42850 31367 59455 49633 68416 89997 43550 29795 6645 38034 8338 86258 19785 47118 20042 98087 80096 5765 26292 56739 79465 91764 71519 55990 1546 80278 92201 87421 58663 35218
100 2077
95529 19899 77913 27613 94852 78476 53629 43816 57198 98600 63381 87953 20380 2623 41062 92184 34113 20389 37965 80106 63857 8552 99710 80289 67626 11327 98577 25341 60342 90900 58315 92702 20389 66821 54593 32333 69667 74232 6962 81355 20438 94 17325 78434 98381 20300 94691 34758 52387 17128 36134 61241 19477 83910 30142 31114 56207 97158 13675 62281 89 54419 97698 10146 8626 38423 90852 33323 43962 92179 18283 46868 57765 75472 711 82726 25784 77607 4850 57632 38537 83974 57456 43247 95200 66260 86050 55946 5173 40234 2801 86737 12268 98260 32636 35355 74471 77890 42595 49856
2484 95088 35340 17131 99277 57307 48074 82451 39993 1029 15896 7173 34604 61960 26828 71734 2477 37957 20172 26557 77866 84827 82850 75894 49334 96247 34057 38414 7515 47015 70889 74415 75737 19313 86540 85779 85277 13957 12583 47253 48498 48311 80749 6632 10072 53271 63355 76019 86852 29368 72767 18005 3250 6146 56803 26507 84639 7429 1891 77087 31960 39122 58530 62324 95185 54610 34165 62398 55108 57328 44729 72206 36707 3415 79914 34951 18151 32330 58431 3849 19551 6705 56190 27983 25790 51080 13447 7559 77166 28796 64796 9163 81516 71022 32861 79262 89478 1507 36658 83668
100 5339
3252 51245 38230 4191 67484 34016 76358 85771 97607 41091 94652 56945 9700 50640 63663 98555 81102 19714 97991 23629 24676 45229 78513 97606 54030 95148 7638 31512 45669 6784 68616 16754 49214 62150 1634 19043 4859 80297 44817 19730 76000 49578 93402 51739 59120 80132 94576 77270 20349 53659 44458 36340 94380 38394 2667 39525 24932 25487 2379 2563 89089 78772 21241 26335 1639 86579 34290 14688 94917 77181 31815 19690 42324 42695 14246 89234 69484 7432 70961 99229 52266 79609 40669 82786 66772 9858 33759 93770 46426 53328 22467 97711 19204 60150 2223 60741 49191 74417 16548 83097
61727 42034 84566 2352 38014 95064 8295 8213 67268 79740 41197 26745 8215 15785 14438 92713 31390 48476 23390 47038 8023 46101 8710 71365 82063 41144 3732 75231 34376 90039 37275 19955 86182 61205 29888 28315 47312 95770 31518 39844 15500 89120 53493 35114 18791 91451 1373 19545 18268 59202 77836 40007 71506 52761 63094 54171 42789 48437 66709 78784 68017 74628 96723 89661 76318 34975 3426 69184 60539 75216 63485 19681 90451 96350 52697 52681 53001 19182 82169 49763 13164 57691 15298 53749 77293 46795 68306 59474 66394 90213 54542 5996 48759 88035 59860 11873 39824 94956 69096 21516
100 8036
49219 63846 60431 60228 2106 88447 20530 4595 57989 63711 33112 99917 30432 25340 48711 97564 35394 37994 41444 52080 31265 37014 60887 10758 98691 62410 42078 66462 71305 56165 96316 40748 1676 41925 75353 63149 23804 14684 27965 52681 61498 94791 79845 912 63790 53298 76316 86788 8614 42815 30762 27594 70285 68205 34838 71597 73686 33648 59321 75696 77261 42475 46987 98867 94224 64149 33950 76566 27396 66471 25044 66208 76700 3440 92808 62471 48632 90027 46656 89593 20921 82587 1375 48560 63073 81484 22935 33721 21531 66235 54148 25538 95996 9235 33588 31873 60472 41888 97229 29602
19040 40023 16213 86768 87553 44656 59261 17640 27224 58761 95046 96243 25824 10188 61918 31654 61367 42404 10907 63083 53938 55180 97049 52805 45470 90300 28801 13560 97781 5188 8384 21551 58986 88308 20699 7494 42575 64889 582 29282 14026 31851 30054 35277 57725 63875 82400 39647 25913 3343 49176 79344 81297 38841 14781 65188 96679 66343 41537 30846 97767 13873 30294 60198 94538 13067 56617 59366 86992 22352 2350 26910 32514 45903 18750 29861 10495 32330 53006 34535 59189 52140 91377 94156 22463 39832 77957 35243 4357 91891 70649 54730 53633 55052 93436 5821 65075 42060 50893 11927
100 7639
84520 24253 17850 28886 96611 14167 90339 25317 67532 10238 94758 5564 90538 31856 90914 23051 89445 99291 69627 9362 555 17179 345 71962 23012 76634 29028 24039 68353 31588 75716 87113 87899 61447 46405 71761 5216 61582 54461 9791 66072 86717 62854 42540 29668 87129 59149 52111 75460 75920 37347 39690 53349 16927 3962 67163 94000 80842 19755 52433 6531 75060 63425 57438 41977 33555 60448 26464 38241 23424 22926 95126 6747 7494 42245 2793 24645 89321 42600 22334 51065 94114 29717 45813 67002 53484 86439 48187 25422 27823 79513 78054 2036 75364 87475 5904 17307 199 71781 22240
3434 19785 72260 78176 81235 16654 69311 26099 39523 37574 5034 98822 91975 83674 87760 52312 41483 70447 68617 30783 98635 39041 9552 78061 20597 43268 81331 94236 38238 88594 94790 93833 45007 13271 50830 81275 58344 63438 51583 82252 27898 11776 76688 20843 32723 24948 38175 80452 84681 5613 48409 49678 60747 44228 44740 39131 82538 82759 77973 6850 55377 61005 95717 37193 74512 71262 22351 24824 21978 62966 79590 8785 55893 64475 69782 68983 6816 56866 2843 39623 23663 25890 72045 99109 45914 2140 96742 23079 73974 80838 92570 40026 51129 29481 85164 10891 45181 91901 57034 81653
100 7127
90161 12555 4463 32420 94127 18403 62482 45181 49225 67562 67614 62859 15235 27127 8687 94273 12053 20152 96923 37555 86136 23328 30190 47468 20955 63671 21334 64120 88622 58177 80340 11362 24485 91489 86284 33755 22242 16809 73711 11190 70965 88311 74404 13175 6283 15372 62796 10746 8088 38110 64145 15877 33558 67508 70379 58010 55671 8563 96001 37525 61954 36544 15038 4213 88606 20224 94566 49217 50252 76065 12098 13545 72360 56918 90442 31814 34068 13624 34087 82446 99958 74930 19381 85071 93517 21557 38577 89869 22767 5688 78867 35362 98967 80381 54196 28673 15361 53347 90737 77739
56269 9184 30388 35566 29984 43804 95449 201 74105 77810 16371 29550 67565 65074 65795 82396 39262 85286 38657 36112 31949 23149 74852 87875 54318 51591 40623 88447 87524 86949 96726 32874 10644 41340 78898 88365 46418 9313 24430 6881 88165 67823 34493 41393 86192 84449 9936 15804 6450 18749 65227 22950 41770 26720 64959 10951 94419 10926 46579 833 6627 99228 53226 33779 51317 64364 90850 3515 33359 18968 6951 52378 8661 67309 49498 86316 16870 47710 55359 77554 97649 12276 83955 79308 88328 6011 89668 14292 66480 83852 50560 39355 29475 17507 23895 92004 16459 46604 3489 85074
