20 100000 100000
100 6355
86278 15565 75463 67475 1521 87094 50176 11952 79901 56657 93142 89187 60924 23050 29947 1798 58285 97105 5340 61072 31038 30415 98023 37376 47834 70153 56219 75563 44527 4527 13485 1056 57217 44458 83776 3258 51043 32808 85239 72669 42611 32053 49433 2955 34639 12514 96653 25300 4051 36413 42156 48445 43344 87943 17659 55510 75768 17944 68132 12966 93343 19900 76320 63296 28965 49933 62878 44088 22829 81818 52934 1301 10304 45488 88382 74086 79448 14312 64986 54679 2156 82642 43141 27838 91315 49823 21125 6000 12896 91990 21620 11106 33366 58124 74212 15234 53700 4172 72549 71320
4757 29872 73231 42759 64714 54012 37199 22598 17643 39920 81588 54763 93748 97258 74901 25914 77441 57217 64807 1293 11254 88470 75764 83816 11523 803 95457 12376 18447 56208 26255 88006 48491 95198 11831 89932 68841 57924 7024 96510 72739 62978 84951 90077 99251 72191 70033 86977 1154 19354 51926 95341 13607 78368 75745 30934 76592 76537 62337 75982 91815 94274 3786 43493 44963 67981 60562 42164 47302 66412 88386 37290 40444 21045 92319 15171 75189 75835 81620 66280 5604 79256 96843 32756 77766 20038 67247 6973 84478 85903 77894 5521 40162 33125 238 4627 62950 94297 18979 39141
100 7382
2477 25661 28951 10610 78306 16503 22390 79809 56742 60859 30137 16922 35572 8764 6640 68208 45968 16397 80617 39093 92648 67980 50929 6895 52371 99540 67613 77349 21218 46276 43140 63292 14011 18828 8162 9302 49374 25353 48369 32133 74029 26271 71729 1990 35710 57478 59013 84747 37794 3100 70789 13587 20794 48679 60742 19794 51545 94783 19463 99914 87058 30024 5377 91523 98062 15801 86394 81022 2208 8947 28862 36950 3465 91745 57679 97447 48847 23861 66993 3679 34022 84231 48227 60048 70293 81335 50383 77885 2609 37654 58675 82861 21573 35248 35017 71993 5637 88564 96945 42691
13157 55191 37275 19218 41567 47974 88389 58130 18128 19159 85424 37096 71078 7848 5723 25930 70650 90896 38990 33168 5615 5666 57206 1459 75471 4433 74948 59197 62927 59363 85795 38883 3761 52487 99900 40301 11437 80509 3926 81271 24222 12531 84706 62444 8422 84301 94582 96582 46031 86303 73742 27504 51003 5890 13104 40965 23263 65404 74869 65854 53784 99103 69017 47800 58074 48658 18285 84864 80167 51562 73807 75044 10857 72427 20465 84746 2238 86620 66083 40030 5705 35709 5663 69767 45968 3089 73137 18466 5724 37839 50639 57811 39304 28868 80090 5382 42152 5941 98206 39927
100 8338
97890 30334 15486 1734 25243 37661 94780 30208 25341 20684 45431 92762 32345 50379 55020 21201 65996 72653 83627 86015 3710 19322 94506 54227 70426 27866 76723 79383 25639 9893 90830 46014 72634 47408 11740 57462 78340 18273 41219 25455 47728 31902 85571 31866 93022 99198 94293 4553 70225 28136 32563 69013 44023 32753 78711 42216 18629 12912 46587 15754 91014 27966 86667 61596 91111 81790 1734 17005 54782 79247 48118 6042 79845 74294 59650 83771 71078 3215 61254 37489 79557 18794 97126 67364 50219 72615 7451 84490 7845 22749 88846 6106 51025 35536 36846 5985 78176 82177 67653 89043
29319 66376 36734 52963 98661 9824 10427 48901 45075 78741 38870 14134 92453 73736 37601 47725 53885 24665 55501 5235 17135 94257 24120 31307 41868 34683 57837 24185 62274 32446 30746 75634 94432 12433 62724 98927 56500 46726 5314 3399 20247 43541 99557 10083 89855 59826 56333 7812 5683 91179 84502 54904 30936 26441 14263 92852 83084 51478 37935 14549 28042 1662 38185 63279 7098 31054 83421 50901 43853 61749 73899 71303 17619 44325 16545 34176 49149 82090 37870 4646 41700 29438 66216 65986 38579 17766 20120 36315 31685 85197 39351 42446 99504 92196 8758 81177 41276 48773 45580 58968
100 7088
36639 12183 75948 10017 72980 83488 79310 28747 64022 19646 87677 30265 29418 26941 56905 57989 55294 10593 77203 85383 32503 27938 85731 85344 53146 72443 52027 5435 66392 40597 37970 26559 98690 47793 73165 1120 5662 71518 88294 33484 58094 58487 93766 46458 83616 55967 52634 8088 7525 867 55774 27073 34555 33840 51137 23715 54010 52200 17144 76711 17932 99488 30119 25827 46716 90343 36729 45395 15401 57331 44614 83891 35257 96732 73974 14119 36729 70594 93204 41990 97519 4086 10034 36984 15989 78485 47912 84421 69162 94879 12603 59104 95808 56711 76271 96213 89779 53528 99524 91213
81413 73784 83116 9836 3513 24382 98479 21554 94056 20760 82501 16380 1676 61388 5808 52847 4627 51275 48001 24109 67520 7138 50831 83434 19851 80907 51151 80663 83174 22618 42160 87696 13311 18267 55868 83696 77835 25897 14239 25429 39885 6644 76025 25988 8057 21593 72386 18706 26073 58830 87202 98331 68948 21307 42730 34875 14585 77370 42761 21077 40622 74425 14274 22267 46314 81990 14660 32123 44482 28072 93989 85899 58691 8316 81239 56514 19311 32047 98458 3241 3980 36075 21871 54968 55544 26173 25997 40635 19738 48835 29506 59120 70285 97570 59222 63219 79954 17077 55563 14068
100 5962
59507 88206 68852 85302 68238 29940 4718 22998 12847 44865 92921 43350 78016 14980 16974 95547 58494 44305 5179 37502 57639 36417 9604 76758 84053 98654 20264 20254 17438 1098 33508 91490 82468 90148 46221 66420 42454 63577 14294 77946 6246 28366 21546 36744 81830 89322 62933 88302 72436 34862 51511 58122 14602 50923 95845 97432 48161 43460 26481 1596 58158 77045 81991 87515 98311 59956 24100 39552 48087 73721 91481 17739 38723 43308 5243 56221 28913 72254 95052 74524 47774 20626 62733 43204 96482 2327 93205 35208 51783 15963 29783 85458 49019 15194 11980 38577 84135 33503 46804 80405
16885 62191 26282 1537 24183 14922 54805 63742 7276 22826 27504 91790 1686 94612 34243 98399 64064 29109 7953 55164 51180 64096 32193 58632 45360 89845 36249 76544 19700 8478 18924 35072 7321 57764 30261 71810 52752 82627 80981 77105 64700 78545 65025 80278 34549 86723 28464 63739 60569 83696 74971 10280 47610 28364 32783 91841 68374 38685 6677 2804 15819 17010 16413 46509 53471 35502 23343 55635 95611 57982 76368 38236 75018 67451 20408 60525 25091 17823 49489 22840 29264 93511 16337 26444 23083 80453 57758 29618 30652 4849 79729 41517 33617 90744 44629 45963 13180 71634 19353 74626
100 8882
58549 65231 90234 98663 51885 65646 92035 97765 74756 77589 68361 62234 12502 20940 91893 12030 12669 79704 79769 53733 59750 66507 53326 37244 26485 64527 72191 92732 95603 67199 95546 14096 1424 47906 4476 32187 23774 57042 73937 4056 13145 36007 1689 10612 76445 62605 25621 11700 14885 62390 97612 69597 45581 48565 8078 75658 17233 82910 76754 91312 6896 45270 13512 2829 28373 84637 81246 79666 39166 73139 94016 7529 61518 334 28054 934 83093 45093 78837 98206 41750 96181 89324 1200 28659 43248 67351 5605 31460 23548 31103 93599 41244 46041 47149 62456 19495 42503 96880 41673
51434 91631 28244 72550 29263 61878 6298 48759 9948 80643 49445 51249 80236 36691 40049 55422 25348 58486 70259 82543 97374 68752 36544 58187 97177 41272 78130 91529 149 6442 8012 90024 52651 57634 90280 5777 3750 4640 86666 22384 80788 85901 1333 48127 98888 18046 31623 71157 40460 28143 41279 90962 12872 46710 60932 5684 74331 5481 83458 99189 6367 65988 62042 6710 88000 78208 2930 89729 62186 6256 92803 482 70869 92788 25161 68147 46965 60247 38640 75827 86970 47994 78249 78480 77908 47953 14701 11800 19189 67370 82976 17513 92208 11539 13737 53640 64656 11940 21432 52673
100 4813
17986 94671 18274 23995 72824 71491 26448 29349 48583 7921 8646 83600 89578 43938 14512 35202 79596 81603 53782 37428 68918 42254 30916 47940 75429 91319 14565 660 56952 89277 11875 28767 39002 4944 19895 26535 73678 38199 84550 99329 61792 9672 18853 56298 15673 55163 12653 99602 45836 4238 63439 10046 66695 4141 26422 80578 64087 37008 25216 17380 84689 87562 19368 57615 28531 65253 83623 72956 99786 44030 65819 64210 77672 57703 88527 65913 96454 47692 32650 1612 4481 6582 62132 70281 63299 10033 86898 80565 37116 91104 41651 86993 34697 12512 24313 94787 40179 27303 81331 34256
9865 65543 40432 24679 13662 84605 10909 35353 54869 44138 16278 85862 42649 32063 35130 28837 46154 61316 9495 93200 49678 16793 51593 32181 76675 55550 89312 29526 71714 58081 87346 52847 49109 7127 91862 59112 58408 82812 23584 96784 31908 34161 40979 83705 74918 7981 19220 87446 20104 94939 23176 98848 40133 12190 12845 21161 73824 59827 14916 25149 10538 61262 75764 94857 91551 44055 60025 17414 26769 44526 63037 79224 84530 46659 98061 14691 15082 3069 26614 85338 89856 8013 31433 10919 62598 64827 77658 67571 33408 51917 78001 22684 85386 95723 36791 59029 72022 23201 29978 82395
100 2577
74270 60291 44438 27379 9095 51909 30229 51813 94006 31908 67858 32754 13004 46436 59863 40355 34354 80486 36945 65192 49389 76911 65089 56716 27271 37249 99867 177 76151 94980 41729 90115 81043 85117 96587 27534 80309 75028 83314 56856 59617 30157 24431 8529 58157 2558 14193 40401 81629 15679 20092 12717 17570 18901 24543 12338 97091 97922 62615 62740 17252 13306 17948 5261 98839 53770 95171 41610 22358 25323 95162 10682 48482 46181 73262 45020 72563 50642 61336 26541 75019 81046 85733 89509 40120 48966 3905 58623 85230 4682 33382 46110 92397 23238 18700 69939 50449 68745 25649 39911
56559 26151 59448 62022 49353 6667 33488 72066 81503 28535 79832 37626 60474 92540 92931 79418 1466 10018 28782 5592 62381 97483 80979 70915 66914 20793 26651 79670 91106 46483 7406 88434 45671 16497 90960 52588 82802 52282 34737 70054 81393 61263 4894 98814 24540 15725 32318 57398 91367 73806 41772 86625 45987 99874 62862 16565 60314 8934 975 988 21764 23439 56240 5891 25025 21684 61183 9872 77985 80455 17401 20508 58446 37124 50176 87535 40211 7365 74428 49888 19449 73709 44742 18125 72690 96544 77256 25626 43239 12127 69158 55364 89525 22787 6158 97768 76643 91193 3543 11035
100 7737
22789 94263 46868 68039 61640 41010 47426 42619 19 22679 61879 43902 48218 21816 93360 58248 97276 74430 4964 38234 47002 64171 36719 22187 95163 86392 92162 6061 62652 90222 61748 7485 36717 5675 49743 73293 30447 20744 62454 23966 11695 89031 73912 71404 86278 70272 68789 74928 54012 61513 77865 5356 4877 93670 6328 19927 47357 4558 76021 45698 17488 3581 6768 86146 50569 74445 30152 60403 87101 81063 80599 23436 31549 15268 30638 62988 26313 26058 98761 63259 98025 28842 17834 29169 17304 76025 59715 47761 25546 73499 81611 48844 69747 74653 55861 43967 90021 73055 57139 76238
73374 70785 90933 62089 94627 2519 5175 52241 61400 66615 60045 65685 24022 67992 52990 4449 32481 21989 91570 32777 20819 43590 85166 63811 98237 45158 85712 22290 41932 94441 11728 12746 95984 58533 72992 14133 81136 44565 1068 62700 81457 22513 38436 72208 42264 68813 8232 61817 8133 46145 74526 56324 70602 59102 31420 69906 84608 54484 66889 77928 18119 1779 11693 36743 67965 51329 37122 77526 952 84492 24470 62678 11491 51038 95731 49487 26629 50001 90200 53449 408 35753 18856 13234 55560 52554 67784 83396 30239 43626 15589 20820 51776 97921 59094 12808 18691 19073 52863 67904
100 1190
57644 89513 52140 10823 25709 1422 34487 60662 32729 7974 17601 91214 73159 17821 8356 89643 91075 14143 75235 57821 9534 35049 24058 11012 47190 13112 75191 89390 89944 42200 54656 66451 60525 89812 80212 39810 40171 37810 71395 35598 97434 73174 31294 29419 88172 47372 68819 17880 72005 94955 92898 31817 57305 70098 35528 45777 34810 74113 92169 96171 21787 3470 46513 38090 91587 94842 9961 23141 22966 92028 30560 74648 54604 3359 47391 68429 67502 59880 84785 64315 3897 81196 85597 80049 59967 23251 36190 16953 95532 19572 39515 57999 54047 98987 57721 17604 38441 39342 13030 44056
6403 60303 52231 59183 25857 78814 3092 17976 25504 19540 55645 29258 65818 72225 59706 23403 32912 90821 8040 76983 33723 18635 81233 8681 44622 73625 76262 40410 7886 30538 6246 68574 97520 30536 93189 32313 81841 33181 29954 58361 96532 89848 39397 60199 42300 35131 12871 59632 61194 17127 369 97261 78178 77457 10835 14877 35120 36580 97826 13102 86137 89744 26850 13592 36438 4 70923 63502 43376 48480 74557 90977 79658 60889 8424 59658 46363 18367 23618 58515 30803 13623 63523 86853 64312 80945 24755 13633 22732 25369 50798 79562 58596 86200 49422 97627 14643 65142 6052 34623
100 9772
79666 97142 58851 92683 24299 95491 91121 32243 15172 54775 43837 68999 82456 28060 37682 82313 38943 73072 10275 6165 16535 81776 84041 82554 66494 34728 35020 33349 10562 84144 94105 69185 63171 91420 99698 9344 41251 20800 1589 77346 49406 43959 12278 97075 7794 42817 42849 25198 45997 51705 71436 41804 81196 44310 10081 50181 9900 23376 65232 52081 6866 67770 38460 29161 94388 58576 86945 96973 51455 41568 89872 98451 81438 1252 75772 8223 65855 67123 22373 30386 12004 13200 17282 72386 90608 251 16568 4038 97702 10538 69537 41183 81352 30106 66049 58770 96791 86527 58755 34800
76324 28169 16902 61813 65304 68319 60890 18172 52503 78959 58494 84125 64101 58070 29008 65530 47658 50626 90118 33727 67500 8009 35410 76773 95166 11721 14850 49424 42801 30222 78802 58919 48234 25436 63234 16756 12436 30828 55192 39428 77569 72640 18077 74604 64757 2133 68923 87666 36579 27194 88847 39254 37191 8228 61961 11113 75108 48841 24571 20164 5852 63981 52478 76222 55545 12325 46491 8734 63569 84935 69137 3385 68371 40625 16737 9764 54663 93777 79028 70891 97578 8641 35359 56060 72518 1494 94640 7404 62733 47831 68546 68174 22704 33618 97344 3903 11947 92145 77930 35581
100 5878
53012 95183 73708 17578 98043 34855 17850 88510 87152 99786 3010 68240 49194 7044 78244 11069 17093 43387 11851 20092 20868 39950 97603 53689 70310 3327 66339 30907 18655 11827 2054 44279 28786 65400 91773 60077 25614 51677 94714 3247 41888 48976 72845 18326 55779 6674 80708 94992 95707 72422 77625 39152 22580 9198 9443 42913 63908 8053 62061 10462 55166 53462 20936 89525 8886 90606 31235 10846 23411 3837 6419 91210 53323 49857 69283 42399 71065 86295 89649 78262 80880 12144 61051 75339 32457 52354 32659 19993 18899 22602 90084 64799 31612 91570 59963 26285 79380 80443 57814 55874
37334 224 44232 83922 93776 1976 83910 40722 40252 43936 72676 90781 1560 16004 6287 92040 51271 91634 85695 52774 70404 43804 48822 34038 7651 72361 93628 93735 7767 20305 23556 81815 69006 29375 67346 50792 39336 34614 55305 70726 84274 22316 99922 31738 21694 50001 72244 14210 93822 10675 60559 80284 72939 5998 39497 78070 24077 27666 5399 59677 28228 38829 9955 16914 80866 78763 28791 90898 46206 44377 65079 10040 86641 17417 4803 57621 21238 53507 27433 67464 51710 16559 33642 17608 73008 68542 96411 45713 46601 91592 48829 5292 57762 21300 31857 33951 68612 74365 52302 35951
100 4920
74500 1726 13482 24842 99841 94994 19912 14390 89412 8018 92496 63709 1670 77724 40793 61656 95661 53211 62853 37636 54238 19420 80964 98557 65923 55910 48679 49655 13513 69870 74669 62090 95712 77083 80061 95433 58894 41295 17064 94527 57535 87997 82648 35989 65559 98606 48175 82285 69299 24452 80418 55729 90404 69469 97417 94758 16375 98622 35644 55279 41007 79532 74242 14015 26819 50101 39454 35248 71531 31707 59172 35485 77649 75491 4585 16616 94360 62687 87356 14210 93707 13102 25388 540 29747 20349 44065 24182 78331 97401 92148 44962 5597 79474 19553 21718 42536 93167 55142 39956
86853 72646 58448 97321 60362 92330 17712 76339 60220 63620 66117 59444 7974 57709 47159 86879 5251 13954 42777 54824 8687 86378 50171 89407 53104 88380 45546 53118 62321 419 55628 28734 72346 32223 8847 45954 90774 25768 52207 50633 46161 97660 61952 86485 76910 82144 89446 81542 87418 3583 21314 94406 52517 84296 39739 11689 33085 97366 20733 95267 66844 14363 48525 35122 286 87344 79392 88608 42706 62153 97414 10262 95315 1592 26359 91118 11583 52507 88733 14625 66805 72001 98233 12198 87951 93308 27492 13925 10863 32878 7127 346 85220 96647 59231 5821 50727 64026 38786 4818
100 9048
71884 34127 90568 28621 5122 33703 52603 45147 28542 69112 88077 12273 74056 94657 85977 51074 23785 13906 71975 39927 91668 56850 41918 57087 37400 82151 6488 68346 15063 86174 51673 3223 58181 4638 7152 79727 13231 66546 62201 4568 45496 15131 14139 97541 82369 95297 73763 9428 11799 47140 48472 70479 39605 13018 93723 70595 75811 9733 38672 20984 60944 23769 51901 92458 56421 93691 47739 61776 51831 48668 54829 65129 80193 83848 99280 96304 60145 80354 73822 84558 69626 4187 37591 15092 63540 10920 69691 12005 8473 10918 24924 32043 57503 61604 49753 26443 80132 35245 7747 91597
63011 67971 46521 34215 94365 76810 88438 22772 85488 25662 92 75944 54219 69087 64021 24370 96691 49594 52745 12296 16355 65409 40765 60306 68329 9417 91163 85015 57712 29155 28373 29948 13808 76189 36497 81427 62926 42822 75566 55627 41274 38656 26590 4402 74466 40435 35591 13124 19012 14011 94320 23810 74496 74832 92291 5457 55763 38210 21594 70122 3076 23923 53814 72711 59101 36250 32200 93768 93966 53091 78515 66887 78292 66574 44297 60808 60646 51479 94098 66509 96254 29422 62014 39200 57785 38432 22490 36951 76734 77507 38877 67287 66875 65772 30929 27516 47519 66864 98984 90990
100 8963
35724 11559 58062 79797 44922 89706 33721 55181 26421 32838 96985 38486 52036 6048 28499 78385 63767 72448 80444 83248 95995 86576 10840 94558 77357 32873 6158 2751 14377 66103 6721 45161 86409 36182 7137 98420 54657 82756 52740 87656 47670 65573 58358 42581 69627 89859 3213 42304 98849 29188 55487 67348 30154 93110 17218 63047 24030 77242 74326 88575 93830 14485 14291 16484 33109 50431 7712 5455 26582 27462 16978 87431 93807 9088 2604 95508 21275 8271 51451 31151 29218 29515 32809 53419 87145 73903 46850 921 13861 82047 69755 49816 23743 30306 86099 17031 1577 75794 86708 14270
32594 61409 52953 35996 9803 3583 8383 80367 21773 68115 70685 77924 51729 64634 12726 89017 16584 68053 6818 35845 56184 17731 6362 79027 8542 87799 21543 36146 77682 86528 27155 52698 53394 99336 94111 18038 22903 1035 23349 20388 91358 5713 21560 36032 38330 57475 78478 24528 80065 45468 5268 16985 78484 18015 18883 87107 52032 37253 76856 67284 5642 76050 26958 63516 54039 83790 77605 88515 22649 17352 6295 65617 37432 60315 98378 76575 57423 4802 81739 31567 50030 57077 29635 67852 90572 50256 18250 76188 53181 56223 77844 11012 29822 36834 82311 69514 96027 39377 25053 41609
100 3427
59808 49717 40708 5821 74086 74635 96538 92624 51469 90682 35800 81133 52673 95071 22424 30128 36078 90049 62602 61340 81409 9892 23995 16361 50040 8425 50469 73183 23790 66768 79024 48598 9441 38 65846 83859 71318 89576 20222 10045 41526 76542 53073 7135 77471 41175 56457 78977 22717 3831 81334 79763 69555 6687 39272 10571 36006 55400 67959 28670 43300 30081 76786 66466 67258 11929 79240 59981 32568 1473 5577 32713 88709 20241 24206 92750 36881 43442 83638 31273 43214 20571 50729 85712 49069 44063 11053 34709 39663 78555 86659 92025 62584 62384 8442 66367 48298 325 73417 88293
8770 30117 54218 70566 40490 12690 37598 33400 6006 29417 24485 36092 33838 1198 92733 30282 93829 44262 12375 91357 10671 42581 84291 41491 5200 6994 69799 32040 15038 57504 56083 67048 88740 19028 21260 58224 92421 99913 47302 48955 86395 26312 11929 81246 8881 43257 83394 70022 5817 75143 70439 68093 18508 62489 72742 82255 9832 25951 9599 32162 72327 93159 73465 3614 2771 30439 31674 50081 9606 17433 47765 83157 99081 95246 25983 73545 53326 57022 52820 67623 54881 17799 93262 15870 84507 30457 28022 29832 44393 16923 3336 8640 79323 42856 10311 43017 97347 56174 66990 68248
100 9563
17331 96055 89720 27102 50022 75232 60683 39022 99170 98161 2492 82674 43192 12030 73362 75038 79988 59976 8032 19445 26544 10375 56093 88881 37849 75901 98041 19825 80863 55040 92423 58538 76901 96157 16141 47454 74028 6199 5384 7993 22156 60946 26782 71611 47177 73092 84174 96546 42086 29096 42866 17591 32929 74339 45832 43824 2011 54231 14580 59530 81422 8552 30169 9803 66036 9238 32360 95705 90481 73235 49848 47253 14099 52764 63469 92933 80696 90115 21023 87563 46166 42244 61994 69144 57653 66451 9139 10524 51278 76802 84800 10249 960 85407 94367 90313 32440 57282 71792 90098
41731 30738 65435 76376 28016 81649 91369 7869 68662 70652 17903 13982 80793 72924 60710 83327 69555 99816 51389 56565 33457 82759 82583 77013 30082 6402 25408 31720 90980 76444 59287 86541 39461 89362 66427 96545 49232 76053 94783 84076 64783 14466 23631 14852 56917 19161 22648 73674 50568 88556 55067 58334 47781 41077 32219 4440 6988 15715 62771 34713 66770 17963 50528 81889 61719 27267 72565 38086 7108 32612 67643 24804 53482 94844 95105 15935 36476 78030 44041 89719 55040 60096 96415 79103 90924 37284 9841 29801 64580 22150 45889 31597 97073 25921 64280 43250 3149 55186 36561 79674
100 1816
98500 6154 39328 42525 20101 86269 96848 20962 86904 65513 56920 82272 83550 36451 34039 37808 78485 54289 18541 87235 76921 30317 26426 37841 84626 48596 33294 43934 64199 46145 14765 38065 21444 29187 36245 81595 73180 86497 64451 94078 26374 54754 18825 5701 95244 71342 26873 22954 53903 86672 65650 48343 63501 46271 95936 65321 12131 85520 15417 70006 58945 17151 11381 71917 66696 31870 63196 26808 63896 37206 33819 12264 46368 37950 27121 80949 31333 380 72399 5737 18670 1325 97773 63113 28409 3960 5580 62517 13184 35944 55596 58110 97107 99436 70592 64811 71881 13659 10155 69927
75100 66727 7091 86931 12623 28914 39443 91364 10961 18728 74557 16791 77130 21052 7723 64871 70292 90592 59827 24521 34996 94230 70882 1775 87883 76493 90877 66314 24462 52614 59966 83636 15453 82025 71853 23656 12037 17588 51939 9381 26547 22439 70532 77338 75982 63677 30637 14071 6471 93323 37193 69353 27226 6199 43600 69041 22152 99194 67696 65001 64861 76458 62415 62053 72126 39697 97203 71697 13016 10222 58547 52950 92315 33726 42082 19917 33797 86179 28048 19017 28220 75791 10714 32337 55501 10626 4723 88733 80120 25759 27884 94712 32877 46177 10864 87781 78665 4048 59928 26890
100 2579
82626 30266 540 16690 80138 16754 19918 70908 29150 3172 8724 72119 35497 3878 58428 3085 90398 19440 69267 26888 70614 20823 68424 25998 5355 27465 87336 65355 49790 98465 46534 4945 13102 88403 47155 27372 70751 68381 39636 65105 95522 42710 33431 76186 91214 38948 42650 23395 65946 85930 5678 52100 44835 67762 65865 20397 37543 45062 28228 52680 78587 45206 42222 74674 60605 49825 83489 36613 95624 51864 95472 51324 39136 17796 54600 31176 57400 16681 91171 25639 9903 47017 94527 72308 46696 5432 98301 22835 94687 7617 89152 38214 91580 81975 61843 30225 28214 34080 58235 49045
81404 47403 4464 31099 94626 50019 35709 17662 81254 43190 24542 82252 1227 55392 68681 99010 88053 71672 41862 51282 51313 94528 70819 17646 14743 81394 13143 87149 93564 14175 5467 31988 60936 61473 92466 3997 25736 83154 40982 54250 65100 40745 40729 73320 36634 17602 64451 2661 42346 27883 9206 54550 81056 6817 10621 65828 29193 62005 32765 43723 33156 84721 87119 72423 51835 33997 33903 51955 91426 42988 32404 36234 10113 69355 64252 4457 29354 24024 95894 87085 98861 20698 7601 39065 62042 61403 96209 77352 22641 18489 64508 62932 63532 51540 91173 48500 62443 17065 30411 84615
100 3889
69839 13027 9529 20051 53595 76143 22833 93570 41642 58233 1802 62306 96779 63779 72167 58038 66289 91856 36984 24488 54959 6951 40606 43775 35030 59993 67208 2266 65445 26792 9853 16185 35015 8013 92916 71421 60675 85600 62285 56355 13934 4826 81568 78273 48274 78525 80543 56933 94238 38508 46187 61350 983 90284 27075 68546 12343 8708 84330 72413 0 45667 63193 7149 67467 15704 10934 60328 86955 85907 12356 53595 91536 75969 65700 38011 72976 6379 52851 63793 85456 54630 28017 94324 43638 81203 80354 36156 49073 45232 26657 10448 4035 62205 64793 53498 85127 73811 45579 67177
94162 22745 8186 41019 94113 62028 93015 10502 91103 68575 88771 24976 11223 46771 9499 73746 43478 923 1568 86497 61291 51286 22260 88481 9698 56974 70243 392 88840 31986 70581 75108 32446 38583 99615 65364 82344 29764 32989 96964 38385 4158 77534 2049 12954 33574 12147 24158 80110 44651 76764 75223 88831 2741 68413 76194 44580 37259 29256 2046 97131 92447 79869 38954 91748 27314 50341 81696 83321 38883 18274 787 25195 11085 71911 66921 54133 63392 62681 45645 86569 82584 76850 71871 58215 90567 2075 92816 99375 39447 40179 47449 34637 90744 30888 69481 31764 5642 69582 15728
