20 100000 100000
100 4210
51000 76391 56876 64022 57951 48562 59435 28658 37042 42927 24278 44094 73408 75867 78060 73265 42246 99813 5038 16880 77678 59483 61988 8568 35083 87412 595 17079 22948 86404 78345 29771 72386 64894 11056 46341 61840 1307 66088 15951 59171 56237 14143 99964 77555 41226 30640 41043 71952 54712 93213 1685 71374 95648 25181 39949 38858 16779 38486 7447 92863 98897 11223 47313 26914 4373 28151 39177 97921 56884 85585 65527 5012 15617 93105 30347 60770 6596 63161 50406 70316 12418 60347 2411 89703 44771 2094 76284 83980 77977 42679 70543 8765 47042 92483 1102 77376 72433 60149 38649
85101 67018 84660 39262 59527 67294 31989 22087 53846 76487 11262 31265 57052 50663 88136 37881 10161 9796 13702 99529 20208 14773 5540 75552 43885 50448 49050 39749 47771 79353 14657 97849 71095 455 9345 98116 72107 11842 62854 69800 70328 70793 57151 40884 1370 51477 67510 10163 48870 47583 2146 66966 64808 66306 23243 20273 33486 12314 82820 72577 58992 44031 6487 2873 79010 22772 76226 18812 27490 6887 39710 17165 68407 76481 86357 62338 65866 81243 93108 92446 38904 80670 60747 91530 69285 92092 48033 48234 45535 35331 6895 38554 96193 58535 37792 73821 34073 4772 20098 43532
100 2869
20336 10685 85385 70361 61667 77597 46277 43605 89492 10846 50561 17031 8482 66600 91965 63874 95889 92334 78861 71861 65817 59221 26246 33576 91063 81508 68279 17933 6420 97363 29765 40259 42624 28476 35021 15627 18197 87905 60506 35406 81394 80390 44071 99994 1420 16137 54719 21370 40898 96786 58411 6620 24464 75213 17825 48490 2363 57403 2450 58330 28020 49778 36643 48715 26688 45389 25759 18538 84606 19573 96704 9169 68156 51864 86730 38856 73754 99927 84805 82461 68508 82685 54561 39699 11424 30266 12439 88612 74259 77215 36308 69174 68093 1168 44429 35048 19246 37944 64226 24481
84692 21863 2735 39824 93144 57133 59759 29097 39473 64527 71756 65686 49248 9414 41319 60517 43785 31254 2838 55484 74846 3099 62664 30461 45740 38449 14409 50657 10556 66241 16329 2431 446 71935 80524 29456 14397 95177 43796 94034 38051 8174 96037 85411 70446 48242 26141 91468 97475 32554 62172 56339 73357 96376 28478 40278 53973 72304 72195 29264 22397 26292 18013 53556 5267 65727 28453 63415 35364 55053 93936 17562 43036 45916 18608 53610 66075 28947 92976 14816 41581 20178 13803 47616 31620 32114 34224 38181 64455 38915 51927 6937 5618 67615 73151 8581 57826 36999 70214 88342
100 9089
95225 39469 40001 75623 6600 71449 18775 20982 39247 11882 18139 83319 32824 12222 47945 85094 88197 40386 98020 40943 41100 98758 29464 62876 88507 47622 69760 89983 79549 45996 13682 58285 4119 50206 38584 90308 45211 2017 68042 85414 80575 97444 55245 25825 16755 53134 86654 37081 18947 72481 27625 49269 19603 59700 32403 41714 55314 25754 1704 49091 80587 30381 14905 16443 27984 87613 61658 14495 32389 8300 72906 17856 57464 16919 38264 33949 95015 69780 28721 34278 71112 84200 15963 36439 42476 60758 81140 92299 24591 63063 39091 40717 12291 87921 85284 46842 93516 47174 2009 99991
70357 86300 44292 94306 40603 11428 20498 34469 54245 15193 42052 94206 24224 61371 90814 85740 37305 93957 35443 54392 88341 40908 81394 64673 32704 54442 3568 16392 55101 52741 6704 42000 50981 39700 66182 9170 66968 24804 35659 4964 30924 46862 99300 16497 46356 51247 43679 95554 74603 89585 82191 68448 64281 70687 97083 78118 19108 75515 37936 17358 97589 86112 9682 85113 58045 64085 61941 46455 76183 5582 23742 23140 92124 69907 46799 42580 44736 37885 47239 14947 85505 28294 39075 17055 51879 89439 58771 16420 94372 35377 46258 23591 43853 44106 35727 5578 49738 76375 20358 83466
100 7802
53485 9683 76427 17156 66737 14846 77757 33263 15657 77171 83663 44405 11912 38047 63733 76141 66543 60837 76066 55245 57145 14771 35309 39420 102 83163 40107 481 97738 96233 10608 12228 77135 6432 7485 13733 13288 20290 46715 3436 50738 87914 667 79302 42425 71185 64551 98326 44161 88824 83024 91873 67372 73180 70015 45589 91957 91328 43144 89612 60475 99515 66494 96828 85229 12459 58446 77223 14013 69590 74558 98275 93199 22236 26723 14155 71657 58243 88171 26085 26823 63034 618 67168 259 40948 9770 8181 38406 23807 99700 81771 30706 77588 90154 99111 68592 47609 34708 81943
50754 66378 68172 64157 10506 22265 57070 56490 1833 61783 37149 68896 93319 30227 53970 6149 87933 28638 89796 50051 79345 42077 81334 87261 85869 80671 6388 88759 85027 40221 79842 19908 66584 89838 31109 76495 6344 48809 28190 56112 25317 79211 27353 25380 48780 60230 31943 36607 15891 52008 60025 43285 16296 38610 6755 53565 84793 5901 44392 27206 88644 13482 75198 27669 33868 28796 32777 10939 72403 85173 88952 1326 2944 27792 47364 23493 47367 33614 85702 83807 5757 90184 89750 56687 51248 85751 6722 35380 43223 49825 85477 45927 57434 14474 97923 79865 67280 6919 17988 51327
100 9474
2578 63141 10279 82216 52958 10345 56309 88639 681 47134 72582 80832 72401 92855 61037 90382 80963 60574 73619 40941 97910 54876 94894 27351 38158 529 98062 76291 84166 43496 40356 50009 52484 87015 63816 37590 85819 64803 20101 53379 64762 81321 70420 21998 40863 88102 66322 9212 41304 22545 49217 65458 52605 71635 68712 69180 85156 50017 38128 5251 97404 71933 42167 6226 95936 34635 66179 17603 84547 1648 67869 80054 74928 3088 81135 62572 35631 51124 73316 30914 96995 84063 23082 40040 15685 10752 92699 14372 19183 53781 91061 26069 8816 59642 79990 69223 47205 4374 11088 42322
54759 85044 52308 85462 41057 47132 90 84940 93191 68806 80876 52113 15769 53264 83718 95339 41829 96459 71527 53961 21077 19763 15268 26863 9298 48347 62957 14274 45200 26469 58297 58083 85585 97647 84433 7977 36864 41416 23765 89976 16647 53762 11049 62881 24248 78136 49625 3115 60308 11862 57398 60653 68751 47192 33102 77771 73669 10268 29129 96909 38405 24312 53352 78563 59905 21182 31825 52137 54291 53789 5436 43822 12723 33200 9981 71051 30637 85360 801 86199 26960 44724 52624 79527 53913 6593 6448 7942 66808 99854 32611 24387 74623 80336 8801 67547 50369 60656 58752 6343
100 9557
36523 90789 75157 19111 55171 36485 50636 71389 93034 8044 20127 56319 31190 91558 83023 43466 1076 71184 43235 60619 15628 90215 93128 316 5768 96178 20316 67521 51099 3413 96327 27187 34109 7534 43497 39763 26356 31427 12869 35757 76437 72932 43359 47000 54802 98989 76081 46402 20138 1627 85040 50714 3007 62298 68079 5225 30974 93520 94618 69953 8915 47593 45394 84374 75006 89596 89907 34392 98650 29848 63626 9204 87269 99014 23623 85957 17379 85110 30267 41854 12781 59601 55916 12875 41719 40800 62575 9299 99898 70862 69718 85309 52275 26106 80341 66699 27489 12815 4201 42540
86277 76251 27182 50757 26706 45855 61020 71705 91183 70270 35436 99944 90495 15370 86131 58758 97617 2020 79411 13312 41898 63051 24445 24605 92548 77032 44774 72176 38051 96294 60849 21258 82026 48044 66295 94646 83142 7708 77817 68681 87661 2563 44678 66067 26214 92209 14999 62306 27325 55997 2484 82979 62453 78994 3168 69970 50111 51569 92618 43342 46092 44883 65635 5016 22110 44809 81468 63381 37029 28712 60910 75345 38968 86030 19507 43351 79251 97180 34603 12424 45736 48142 99797 37320 91074 27656 27299 37172 48765 24619 76585 72640 92665 13956 29278 88131 48263 38710 70934 38015
100 3469
42789 20567 99219 81718 74830 30925 46034 79617 47220 64732 79650 19307 49579 62209 20545 11373 26278 3749 27022 83954 38710 30368 68970 46016 36973 76948 73885 27193 54762 22048 79976 6102 72045 67311 2859 51105 78110 14127 21198 95080 22764 98198 43561 33089 45953 60735 6079 7508 69155 42590 26457 53075 44513 89528 78296 12986 68480 91209 88921 45018 51301 40405 81127 34431 19891 74938 82343 56311 11159 11407 2826 1107 17949 52692 64591 90977 8612 72503 63243 5238 92788 41488 22996 80599 71922 32813 86334 86623 16122 37611 73255 4012 39790 88734 25041 58158 49628 51501 98564 48686
57916 4899 44748 36898 59893 79771 71947 96711 21479 99367 12814 66804 41953 92399 8799 15264 21106 32311 80835 81628 13060 80182 34065 61898 75124 57361 36656 591 16487 24620 7402 14985 42714 13300 7759 22935 34533 28775 26475 87336 77129 74653 99392 96823 14432 29823 5676 57826 7299 80106 62910 66294 10040 49135 46375 37104 30211 99096 17514 19938 90158 92127 54515 99169 35807 16616 98220 65563 4028 2327 70321 9355 53144 47015 12301 12049 98211 51523 12299 41313 18262 71075 20908 75987 4529 59187 85544 75077 3781 12255 92822 97639 63694 10151 44540 1989 76349 11717 40717 11208
100 3225
6107 74468 58450 67569 22269 76003 33538 85534 10567 633 51412 11702 659 23709 89945 11872 8895 69015 75404 24270 52686 90820 24919 45633 6094 71121 45805 95583 82821 67309 80574 54387 69356 77728 43352 7380 31674 97486 17569 4760 52448 4715 57960 10143 82596 83179 77870 25947 61648 32807 74633 85612 50137 95357 709 4007 76047 60660 10806 59143 42124 25444 38675 42121 93711 24747 33522 24281 97122 63642 868 22358 80114 18089 17602 97012 34835 5722 34281 54205 70940 46579 10038 31859 4379 54722 93023 52749 26915 69314 70304 48565 50720 26863 81625 49262 7110 35254 30800 62560
5661 18415 28200 35305 66771 70154 69465 65352 78902 61374 32504 37002 86226 55582 53113 93887 20839 35030 31055 34820 34367 44634 45213 18672 20290 47668 4666 13453 66565 30042 35529 26321 29734 49143 74456 99236 83538 42239 21672 73425 67402 62897 49225 91532 728 16102 32729 57875 49137 47631 60029 94586 55288 2657 47521 14608 99050 53535 36098 93288 46966 92895 25070 61023 92277 48901 7965 10417 6660 97054 25624 38085 19766 26829 88014 67149 46772 2212 55516 97910 72886 74424 25160 76081 77593 94235 46112 41032 99083 58247 59230 5306 5935 93822 2544 59422 70764 13851 55213 61227
100 2036
56668 69246 22044 45209 82495 16934 754 58294 56259 29918 5682 96018 97636 5814 71897 25023 84658 96316 21878 1613 91954 17356 4328 58688 97926 657 22887 58290 13947 31358 25648 78444 71864 16381 30848 97823 65511 46139 15552 1999 45119 70998 82993 64439 92487 56522 39551 32225 45276 13273 2721 82268 17289 42261 931 5086 52138 34852 36704 67061 66426 41741 56699 98098 54513 19351 79997 34749 40412 47840 47216 74997 94601 38964 83517 38739 89954 31750 91941 97720 71116 29041 70318 79466 10974 15772 26274 31320 58509 82748 5937 18670 25759 90604 81043 86081 28197 20199 4706 47732
3629 15721 5995 23831 54874 91353 93505 71053 79122 63550 18414 61136 35662 48909 52162 42830 88503 21924 1801 30084 74479 52241 81850 1902 28086 58242 25676 71351 78570 56941 41928 74971 84610 26747 97693 44088 62734 57319 57153 63609 39576 59703 47643 45354 22418 81507 90271 26073 10241 91350 27476 19305 30476 79900 76614 59050 77877 92258 58283 81049 43300 63560 28110 80616 13541 10385 78173 47558 33992 71342 38774 47056 31987 89421 68670 38259 29495 54672 90706 12095 65456 66655 63107 73584 26587 70519 69978 14384 19565 41148 89792 81828 31251 98266 90112 48545 97999 21778 19019 23347
100 5051
50725 44700 72478 52753 95091 80655 9282 58113 45797 91143 4079 8141 88874 59615 16244 57665 7987 58118 37966 59318 18444 59450 95595 75850 84096 39348 69097 65869 99696 95769 10745 9385 90181 48741 1588 42054 51099 81129 23674 24916 1026 76448 37584 6886 62661 5178 47452 35293 30038 21842 35658 5321 8667 8424 83900 46522 40643 62129 61530 80023 21867 10557 63230 96150 80401 31454 97076 3716 87642 18043 85397 59407 88444 75110 19288 90006 46363 28095 9508 38909 75068 32246 99606 29483 61154 70602 86905 5213 40066 53372 12632 15106 69647 27520 78718 22461 74176 81144 62342 5489
77413 56351 45856 7527 20658 81171 73504 87178 11136 57478 91862 65941 17034 45073 29378 55607 89719 16945 37396 89973 55075 66463 2906 15042 59059 47056 83653 62572 47263 14999 67594 25489 1574 44895 563 62714 84784 37878 87318 47360 72224 44263 7439 62193 67770 12135 7755 95389 89483 34198 86756 94328 68814 99778 45781 59873 12517 331 33732 66260 51009 23716 40972 8487 50119 1832 98000 91266 39420 45863 49690 63470 60052 45567 36555 20456 95857 42677 20261 36454 70474 88229 17165 86606 39167 46832 14226 81735 61612 56853 21717 40668 2971 14709 51868 40817 53229 80630 57905 46823
100 4279
90371 47622 3559 86032 54870 50199 57205 27734 49635 39974 48484 67348 9323 12781 80155 82359 14900 92732 45898 74813 90440 79230 9886 53019 31928 84291 23864 7039 32136 81391 97234 34482 56197 37414 13580 3396 39225 70508 93647 15518 50628 92508 35498 58414 59315 81055 2151 74610 68035 13545 23865 27982 60378 17169 4292 91428 84421 84890 19610 22945 16067 37054 61849 87354 64007 27742 85935 73028 45438 75283 51856 64622 79311 46496 73553 81835 7291 20667 94040 54634 59962 97830 68901 68482 41756 53403 8642 91544 9402 80009 69395 27166 15439 54180 98848 64038 5710 87105 68161 98692
34544 34276 60996 83102 63552 66645 5194 41308 83849 55585 56838 86187 25712 98438 59956 23414 55755 56690 43624 56378 75193 96612 11920 6156 47504 17039 75575 34345 34553 66492 30161 94116 22102 46567 81390 45985 15790 74846 87646 82912 98137 64162 3177 35531 43485 97844 86412 80226 51993 76637 72826 97777 37668 7290 99651 87849 64746 17732 54871 17480 50236 84934 47331 79628 97634 52764 33695 29521 60349 62956 3881 1895 278 49763 54610 82840 56062 80038 14042 89479 28306 88481 49181 93498 63375 30267 73566 89436 25584 95130 64552 70725 95182 31314 22066 68036 60099 10931 91531 29427
100 1614
10095 53017 90610 51904 86791 79188 55954 75820 60260 35386 83151 63095 98325 7621 57161 12536 7062 24011 49909 32943 41902 5914 68295 88856 27887 92980 86300 57407 12811 99579 34600 68130 12890 92335 43887 4612 96262 17134 87120 22575 56550 55410 13968 32211 79152 61011 18499 73107 6687 27819 97790 37834 23835 12232 58319 62945 13962 51848 31550 56273 79643 92853 64723 72634 10458 63342 18401 44748 52859 98574 11837 61252 98698 76372 95676 64907 41764 89334 66165 29603 3823 97250 15163 90671 47174 40244 90982 66414 45600 39180 95745 62887 92856 64426 40 9355 27896 51232 98323 58994
85517 16771 73342 81847 63377 72006 61284 50207 50372 94230 53808 67158 26469 19014 60959 58174 45801 49944 30871 82668 91939 18042 32528 47274 44665 49220 56302 70586 66074 454 8862 97718 7762 75323 76644 73639 78570 92069 93887 18376 86508 18297 25882 66206 34118 14477 50921 63170 64322 14986 90069 55550 22662 54981 7722 79298 82587 16735 80348 68789 36602 84478 27609 59474 68883 81352 20849 81003 61661 43012 68326 66739 21471 82068 80820 92783 64001 71368 51243 96561 90579 48689 69367 60994 56634 91136 72415 94169 52008 24688 88425 85805 18216 72746 46528 40275 90668 88899 91450 26465
100 3455
77523 65320 72937 3070 30753 58072 9131 62266 9354 89357 19073 49417 89496 48001 55004 68125 36187 95283 98108 14135 21167 59360 59607 97779 31170 61206 71708 88789 22681 33169 84617 78436 55914 80650 5122 63620 14563 2551 17917 61521 66081 53664 29484 73213 93585 12083 52058 43812 48703 6081 22223 34921 44117 52393 58356 51796 26178 99877 38165 29229 2147 67369 39969 47413 22508 95287 51870 80374 51422 18122 22068 1200 65349 97165 49067 10128 91783 99464 77659 8807 6473 22961 7424 90919 28112 37902 41300 29970 29930 89522 64008 41632 48153 52485 35203 13185 80391 23324 40419 72790
35203 84823 56210 80771 42543 3090 6377 50670 62465 48661 27507 68372 60479 35486 45271 48606 19060 82364 2349 1991 61900 60884 43124 39104 56493 4478 66595 68930 88360 62657 50508 61085 38311 450 58690 48367 87397 72500 7050 55555 16374 45812 55130 65805 90018 13502 21377 99008 22208 3570 42454 12034 50592 4900 3912 19137 72596 25097 40620 54035 78157 76828 37942 46189 48766 75061 98356 85523 29029 47330 31857 34968 84199 2773 68560 58969 94615 3153 34136 81920 51720 27847 86884 58802 38866 58432 74493 91796 15325 16306 36858 7481 66189 19370 1380 99608 91257 12497 98558 42603
100 2083
27830 28837 82842 28678 66445 16706 61987 50142 50726 94144 23390 21081 96404 88899 21713 79067 12305 41934 73062 20796 79996 86107 3012 6850 39923 5672 2753 87871 26614 32765 89806 38952 85153 39378 27707 67149 75075 31575 83262 14400 85027 99924 71731 92347 78653 98372 81063 78293 51813 63710 36805 93157 72096 5987 21705 69608 55391 61718 85526 93655 64384 35965 30951 23190 21840 82385 4997 6601 68339 94393 45959 62148 63895 27656 69976 64288 22207 60749 49343 79439 98287 67403 50899 54987 12141 99885 5371 56260 21609 88438 86452 41508 40708 80050 42073 39196 73496 12900 13611 6186
59806 70002 82753 7179 17426 51600 79045 48923 6878 96934 70660 77859 79192 3616 65585 81844 11101 16836 81270 29670 93942 10071 49545 21334 98800 68049 54767 13571 47482 66890 75827 88449 11782 41490 26232 76502 28848 23860 39181 54297 6102 18696 60297 86046 64091 9788 88220 14833 87409 40323 2772 83900 51565 88654 99242 23474 98384 34422 95958 18803 90557 7295 83535 77242 55264 61272 6411 44105 5121 96124 43098 57904 1612 24989 99505 28985 95481 61532 97366 77926 42053 95948 84265 32388 1017 32921 88202 77662 7133 7286 7178 20843 11784 69268 55924 10196 90985 24979 23546 61821
100 8680
29088 47772 94242 6972 57657 93818 95870 47731 6093 62148 33460 25412 99011 58863 93334 24076 78854 88395 18586 49528 4108 83487 2545 74622 64068 13894 40298 21438 70546 41486 39846 11292 80258 68032 18055 11490 28679 55690 70711 14028 55981 33536 6659 34537 9602 3677 93580 32866 60693 2452 38703 17278 38602 94394 31293 52956 67494 36231 10342 76520 32642 15739 86184 84227 12228 69015 80661 39352 14480 16768 39669 71006 50026 43999 28015 29760 30981 8060 58108 37059 45357 42816 27991 13706 20252 30178 53466 53455 82413 15136 4561 42735 59423 39210 76633 28019 9488 75886 93489 52040
34709 25220 95490 9402 49677 19620 52101 89283 89758 31304 37321 37715 99859 7467 31255 65671 49148 54045 89505 36826 9045 66110 467 67194 93327 19400 8098 18690 31441 83924 33479 58032 56096 95243 93578 55424 9653 47124 17646 59463 42652 63316 99699 73146 41028 63478 41262 26282 45349 65665 79900 89012 96793 88290 67199 6266 48379 95340 60737 11954 84097 22013 6061 30819 62637 49869 63508 38292 14976 76985 3986 18640 84281 17131 59722 25813 35311 48477 38702 79997 59968 52022 208 2233 49918 56275 21017 99781 14864 17156 72629 66909 94094 22124 30524 51894 69688 94472 30257 48104
100 5323
84945 72429 78997 39878 74430 57676 78733 30260 33598 28256 89125 73012 73532 73407 70755 12326 55967 33936 93448 90157 52753 59701 35812 44575 89485 85335 8781 18974 53926 99645 37477 5566 60424 19020 19354 76802 45938 71932 26100 40516 29843 11786 22215 20246 1353 24113 9362 24982 8099 7741 22550 28738 88079 81597 52836 16864 55420 6407 87585 60960 68742 91946 7089 67308 38795 55214 30311 6602 55114 96423 55829 15293 72206 2930 69281 34491 1734 32385 84329 71855 4610 87029 95257 86807 84959 89231 22920 43066 43049 14447 84467 32612 14866 5632 23205 69152 79476 1388 92639 61275
41532 79386 54599 59315 87858 70308 70903 79882 30061 32573 90878 49510 90101 1058 3516 41650 28164 59202 98491 87076 36238 15263 32704 61874 46934 23465 42329 58798 72241 34262 42370 24182 33807 65800 46538 95898 71859 35365 35911 68222 46780 23999 41305 2884 491 69831 80873 2089 87808 55019 41951 40117 56856 86227 98082 18919 59857 45985 67467 91595 16372 12052 57291 82709 76396 10570 22972 21126 65484 48437 27659 50842 81984 30379 22794 35168 21921 1456 13685 38978 54246 23065 69917 80488 40625 64217 68088 55986 23337 92023 77948 96138 61832 67653 67883 86281 21680 40617 93254 93093
100 2996
97600 14635 11327 40229 51933 63700 28362 6618 75901 44441 56667 64354 59038 1491 19515 8514 44651 95893 12249 44786 8714 48755 99916 64604 90242 19008 68268 45864 49347 98850 58573 50006 59792 84859 41909 83312 1996 69200 33798 99149 2529 30273 79028 95462 36207 22300 44757 22266 23301 95402 79919 56661 35713 3538 52095 50872 98505 71111 11207 45792 65663 62879 25263 98515 77583 13181 7716 23820 99984 24248 1602 27026 72452 21444 80954 53984 12429 4867 20915 85484 91738 92973 35460 93062 92023 68176 21472 31519 42637 15884 64602 38402 45026 92287 51376 39501 85105 15446 34988 36436
51261 55022 22084 76107 46312 50166 80662 53816 5660 45247 72810 26982 82602 88625 72858 99839 17000 58461 44499 33605 31634 40973 48 86341 24594 4908 31482 46259 86682 93840 46401 50766 42216 75206 49754 1451 7197 9335 61771 24830 25023 61423 81943 11510 16258 13461 38552 18648 46154 60084 87285 28644 84843 94072 50354 46925 63627 27103 30713 11414 56376 94216 2557 35280 82522 55027 63942 93007 42029 92856 29808 47312 11508 58063 47362 29656 93987 26319 4831 30226 73364 50035 98571 55441 70976 16550 41512 36740 46364 78586 53098 98914 494 81876 11398 90714 28621 6203 86849 36922
100 5762
23062 56493 47776 51697 27738 13268 74719 22571 28214 73364 37381 33724 62773 67488 83528 32961 37112 23472 55500 32555 42729 14763 91657 98585 41376 93361 53185 5321 72678 39630 53859 6459 24458 15774 83509 70667 28626 97964 34836 22345 46114 62922 50476 17799 5939 93822 41573 15473 67058 11327 7646 96328 1494 12589 28721 96071 33016 44237 88872 11838 75293 34228 40625 35894 97283 37658 93776 52128 57872 57685 74331 39850 70067 37783 57061 74431 37493 42238 63893 6945 25467 46901 11403 15641 43168 34928 49728 66041 19034 37949 1453 24320 46558 97631 71295 43661 9782 57405 60713 68345
60200 14124 1042 85424 87371 14151 83414 62452 86223 61999 39583 14199 91025 2802 95659 76402 37164 56989 43842 97762 20295 85286 1418 11544 64502 94056 62336 19127 5632 42706 92250 6058 34031 79235 86973 56177 55951 78167 29472 45245 57936 57162 25547 88746 70154 46197 35704 24906 70842 23165 26337 810 74275 28456 92366 97922 16929 34992 9841 31690 88629 96734 43426 59593 56360 26287 11192 41372 35823 98966 92473 29684 10974 78983 6337 15509 35029 9987 44168 67285 9521 73809 71149 23301 50225 81386 54463 66296 48364 40075 27935 50703 99886 30169 74489 6935 90323 29028 15182 66824
100 8705
91300 57491 42950 57217 56701 67822 71001 74223 3488 79536 13736 95988 86141 3860 77286 85502 38032 67571 55356 87553 34338 33966 34979 13593 13100 96714 78484 43201 74453 47604 62570 73474 50700 46281 91983 21325 334 71743 36769 64352 72534 44006 80784 29531 7284 51487 50797 29843 39873 71977 76143 84726 61219 33602 49324 69860 4451 12878 432 46027 5182 69316 45386 83491 89775 68853 69670 1056 38103 65124 69165 96305 15647 51867 66344 50211 41556 26557 74226 85100 92309 21907 38551 52368 65032 9762 39669 14226 3435 7169 34724 49258 16877 53470 73883 32211 65598 6078 89415 33165
80923 41071 53582 87201 69556 98605 65488 1094 14127 43025 29502 72875 82936 15606 1384 47099 97806 8576 45421 28831 30259 70761 34075 30240 71042 77310 95142 142 16047 18400 92226 62340 35619 74638 70796 13609 90809 89748 30910 58681 93677 73451 61928 77439 18556 88794 35135 93637 46239 58167 83323 76857 48491 2599 2284 26949 76196 46373 67161 72608 13050 33619 95226 59820 54989 92041 63860 50282 99930 7435 97973 10082 56697 39531 71398 26829 72078 65899 20293 80405 16186 2626 78019 91391 10766 2641 88779 53897 46142 23918 21937 65343 58422 48062 67936 62880 59088 5562 43761 21272
100 8230
9966 8326 48566 49118 15246 54373 15754 57553 46157 53587 59088 65693 83934 64337 16246 13631 8501 40572 92722 54402 54993 15037 47090 66004 79201 17500 49629 33757 77505 43905 64987 66149 53659 70758 22022 56117 18879 58158 22585 12444 78460 17881 55077 41755 65346 44275 10382 73416 41813 74783 21972 91780 3829 6344 84850 29065 50043 69361 88222 63440 36494 39672 16054 19697 26565 45510 68004 51489 81110 48598 3638 92178 95054 99207 9105 2457 66462 98289 72477 84420 21055 67385 64025 48448 64229 67091 62166 46811 99645 28699 48039 31482 37014 53929 67935 10119 5676 84993 57704 67358
14609 34789 54367 69690 55974 85609 8709 57733 91738 72022 72176 33260 45636 22773 41120 55762 31110 2498 5231 3973 55609 2553 52223 45095 88804 68826 14855 37374 63698 66311 32710 75931 88201 74263 32466 50000 18489 15377 24571 22994 83095 26514 59099 58462 16845 36507 24807 84912 1127 22723 64743 22328 59719 19165 77894 27884 55340 42907 16054 75281 19971 41811 11314 11074 44082 85768 37699 38840 36617 33623 82475 87449 71052 95338 52282 21460 43572 16322 33889 71418 70781 34047 21400 93341 92542 36989 23591 39330 96825 76526 25695 63996 22172 45313 26252 68446 52638 28096 89522 23040
