20 100000 100000
100 2086
96291 19446 54856 52112 49797 66625 80223 56598 51852 90792 30229 57041 67717 14930 79234 54023 86107 36075 89072 16358 65626 39186 35261 72727 53585 76001 56827 97187 39686 4957 47649 50091 26638 66076 20315 99750 4354 33889 31849 74063 84403 41909 91836 33150 98145 27414 27580 91121 99532 40865 84071 1372 62588 13933 47133 28846 20853 52253 99176 13355 45158 85267 21009 45290 43591 87444 55944 18212 62459 89163 71879 98628 52195 33259 37424 41459 12606 46934 645 81582 72280 51833 95741 21538 54257 17034 38443 98951 10800 5046 93663 7833 94651 79627 49823 47855 50309 57643 65176 21880
14333 11881 34966 33661 71829 34013 67997 85284 84452 96205 96954 8969 5643 94449 53710 9059 78792 49431 34272 58597 94858 90135 16925 46196 87754 71932 86872 77499 75529 84069 82216 6096 75002 28295 23939 8462 17467 16617 61277 44441 72538 59181 40611 72506 26060 67219 73230 2433 34620 12236 55695 84145 58156 20292 56862 72888 81250 47719 87742 49409 77800 68368 70468 18484 10445 99090 83247 35116 63692 1914 23477 94927 46110 81727 86036 72561 85598 76076 24521 29632 11556 71483 69293 78001 86825 48106 84231 13011 49887 52506 26364 28615 5501 44201 63064 26198 84223 23453 26904 60014
100 9338
4996 91723 55999 56851 4099 755 32872 26841 19965 48443 65751 59750 70310 13665 69573 41408 1727 52559 55224 38793 79019 76624 85732 93590 89950 84590 72016 6505 15731 77677 94031 50853 29833 36084 44274 4196 78708 75151 63097 69965 6622 18327 73207 34243 28537 50372 73201 42963 18705 6114 58751 22538 80586 2834 94789 56330 84748 52102 57537 27682 28578 12563 76004 35729 86149 15036 1304 5111 18960 74851 37234 59693 81136 1136 49414 77300 30808 16603 32810 34254 48016 76050 12726 94444 82906 5498 8305 10365 39420 818 91575 48499 36320 62124 89480 10152 97591 51902 59870 74579
27528 32595 63460 96535 89278 42566 25748 19481 94699 79884 47431 56172 7594 60316 93837 49008 95105 57334 71214 55634 93790 55688 18838 89081 98641 4479 93896 84689 47167 15108 87313 73373 1203 48345 57085 85916 94786 39772 94668 93646 98982 78352 74339 86171 91138 13732 55140 84647 60655 1689 41028 72329 30573 12847 11606 31083 885 70750 77696 80966 67152 8963 93841 82904 77557 52647 78488 96363 85672 75404 76965 74058 60 20231 32585 12839 77110 77983 1755 63885 35925 16316 22980 59422 38296 33662 64029 7135 12140 7834 92326 59912 4583 29790 22321 82008 78468 32104 74296 41509
100 1793
52673 38255 73066 63779 77474 10075 32113 69527 5705 81199 4821 10176 69592 66514 45720 47969 65107 19513 86374 70798 48522 20991 22880 10144 44900 12174 66918 64500 61118 20691 47363 56843 94740 32903 47637 52628 44847 7976 90220 80512 7886 78465 16550 35382 50008 65246 39224 32730 19540 71064 49646 81711 35139 83045 49577 29193 13774 3772 58177 208 83527 79226 95100 11228 19959 64761 73361 20135 53685 99066 55924 95694 91811 17756 45521 15363 37384 37952 38283 85651 23050 98923 9550 26068 2920 28990 9316 39159 27032 80082 75315 52068 9364 40382 55828 73015 20378 27419 25697 15519
42276 41683 79313 13628 68581 76068 89912 32340 8005 96185 73158 51658 43189 37773 74694 35762 21130 75676 47818 146 51290 76821 75786 10939 43411 26767 64156 30823 38706 63099 44272 14381 40019 51719 63197 65162 75785 40076 67901 7356 21532 3541 28764 50667 50471 74077 45365 28368 84099 48910 94618 63779 31638 19554 82818 29751 93551 39790 95608 28406 32550 53500 89915 34541 21207 11776 7987 4386 94761 7017 55661 99317 61310 81863 3066 30934 61950 71310 17337 88054 20351 92274 33445 63453 28403 18042 5891 98376 16758 45204 46902 18841 20422 50742 94960 63561 68592 10810 58289 89733
100 4634
64905 62877 17103 50761 69637 52666 44871 82914 46257 89921 67962 17508 14533 56184 13104 87714 90605 31299 71893 70187 14221 23585 44994 10256 5054 11396 93347 52292 89451 54854 99698 28149 54542 58466 92529 46894 48968 10358 1674 11234 41826 28627 60101 53299 42145 72153 36333 77299 9607 59076 32244 5791 14201 37071 65883 49197 2471 96575 30735 70858 92162 9519 15661 35396 85393 87639 34131 54680 58651 35739 77240 14673 67757 64965 20394 96013 92851 72819 61778 31913 43025 41500 26798 48938 92148 10079 40510 44785 30612 51708 67574 71759 94292 25773 4342 96907 66867 80342 33004 45062
97671 50802 34758 57358 72181 86393 51439 50101 58036 32569 84493 83140 19518 59599 63451 74023 48782 60553 84637 97313 42625 28622 33148 44395 74146 77501 12639 11644 24160 5796 21579 83304 10550 23228 8019 35241 95314 61855 36118 25530 76863 14150 17268 82400 17707 73300 85189 93385 35165 94903 97046 92758 27651 8348 77453 65124 10208 40455 40162 33032 1786 98498 6086 93328 39318 77379 6353 82196 34413 83915 56463 77669 75935 1731 95051 31466 20428 49246 8248 10503 32668 76027 93677 53479 13098 96084 14965 1752 57072 70076 50268 83553 7186 48637 46885 58696 47407 84472 40807 19291
100 1313
46807 76750 2604 3199 16589 31704 16255 23458 33672 3292 95369 21587 46684 11432 78499 37784 24406 70621 31089 89870 52902 71447 31198 26988 23826 81221 56780 31924 70723 99586 22236 90155 20138 27531 58285 5735 75357 84131 56157 96130 82065 57216 77116 15614 31176 8050 19379 10524 38290 61635 19052 57726 57713 55282 84546 72888 22086 76468 73753 7567 39067 44072 94248 38620 97052 92335 44593 10424 52222 35453 58528 5837 48044 43706 19424 9163 95676 38146 20548 23993 49298 89315 86992 55236 25924 60149 34583 42100 37019 80607 17121 24985 38966 46505 13450 78749 37280 71705 97844 70
17558 66312 1667 96394 47314 92065 73143 35755 10468 52762 19400 78774 98406 16298 8529 34189 52840 78872 2046 32534 1364 25277 3004 51111 46666 87807 69999 68538 75435 38377 75303 50803 86241 16409 3549 8404 52307 97047 75237 27840 13188 13650 602 94317 16443 86191 68620 29799 1234 1107 9498 81948 92614 8254 54496 51083 42045 92505 81019 42589 39988 91681 10198 60586 78338 87298 21016 15724 13766 28901 93349 1837 63419 13826 75849 71768 94224 65518 85485 29125 2846 91867 88469 75807 7031 45833 72483 20295 42118 762 50013 12180 23152 12671 16188 18604 88003 19157 76877 53048
100 7172
79415 32399 18090 53708 65313 17264 92771 51223 79874 77094 83483 98455 62856 71068 68398 47159 24926 63272 97025 25829 2837 40714 85696 79885 3529 87468 58477 94490 25750 73744 62513 53948 46914 44568 47174 76712 6427 99235 73429 74397 86780 90908 57565 81249 23297 38179 77694 5196 7988 34899 77404 51599 65552 29944 18630 91334 18324 84636 58911 59544 83208 17770 2334 59553 87760 22531 85967 8966 64015 54673 62327 86666 61098 2061 431 40890 53957 61308 72992 33354 93323 11608 46634 66649 23823 98462 18611 54943 39239 35480 48527 78646 58355 8235 64087 87385 70406 95221 60702 20638
68845 5038 59615 77609 45351 4454 33150 69528 71027 83235 48016 25847 59447 37567 6566 91756 46061 86559 68389 50308 22257 29332 12774 41037 94611 58715 36 87423 3556 94303 3431 15338 95938 83689 70062 89504 99911 49921 65943 44697 15367 2615 45385 64225 68611 61979 11077 50900 69557 20875 5866 40811 915 97723 29516 99852 58742 64142 48342 2746 35945 82630 91435 40705 39098 31138 12272 85208 86964 50321 14107 93028 6854 53483 68633 84920 58901 38400 31456 48211 10121 59651 62686 57587 46402 95 47473 30711 62668 50031 53271 96009 52937 35548 10602 19740 84480 46867 15636 9192
100 3717
98142 33674 52003 63877 1305 31867 73156 41617 46693 77782 56876 66691 26085 48619 3996 47571 85066 71189 94745 64193 21187 62135 58980 64450 79310 54960 28551 3461 57722 56817 65515 28970 94339 18156 53577 79562 965 57836 85493 75961 46881 13967 63507 25540 2410 82838 98766 38970 84473 32500 81342 42112 34333 79876 12948 30452 19003 22899 18001 81687 1946 33842 52312 63326 99414 53851 30108 34190 9657 42369 35442 36524 23178 60346 36474 49138 92135 15858 26897 91659 25109 16393 78781 75126 45916 79452 25063 44759 78647 15097 66152 34370 25237 48560 87986 8802 7854 17046 31611 41600
80849 73213 98553 93540 51991 10301 46559 35802 65563 7062 92560 33091 21658 22404 23127 86970 77538 5121 87503 5848 87198 64614 19327 88365 87196 23945 78585 99986 58111 8860 67409 77819 43728 18158 91023 74304 34981 39928 45372 78170 91898 65446 57150 52861 35524 65014 90716 83719 79626 77481 29074 94644 14393 93826 1831 21113 61306 46319 69989 24919 36459 35546 38054 26436 36398 52482 16402 96291 50192 5604 12899 51605 31421 64 54470 31350 51978 72187 12654 36939 31900 10686 63256 39118 90981 87064 8809 17432 7892 27841 15776 77719 80573 59716 69400 38146 459 30076 15685 62431
100 6304
95644 11462 56870 19764 68745 75071 21864 10277 57814 37051 21304 4827 80866 8847 68943 42421 99586 10907 67842 84228 97524 96120 63134 63413 23996 25137 38584 52578 81287 68209 80899 19432 49432 19039 52582 66937 81132 46272 66540 26803 45878 6678 96055 38569 33276 45823 66579 13141 90872 15180 78136 38873 73949 99053 35409 51131 80816 84598 42263 12565 38022 81270 6636 78489 40845 48187 90662 9037 52522 23873 12678 10761 94950 78681 9014 12106 18593 68849 96748 17684 23188 1844 42089 49246 62043 33835 47194 31575 1889 49983 70705 27351 24136 9202 83027 86675 73978 98279 3062 43789
46572 98890 88350 6641 81804 77025 73639 7436 42325 74808 43109 77252 38698 16717 18189 238 95984 9393 4905 89129 52416 47501 9406 44843 62878 99847 28974 79716 66779 96280 61580 44011 89031 59093 81944 93064 18182 3181 9943 91014 83153 14121 78200 76887 50405 78971 24759 58966 78762 51014 12600 23553 52480 50187 1363 33660 55608 23579 92483 67253 85499 16166 63450 64800 99787 95742 92948 54156 57423 98014 98280 75013 74027 52282 93276 54170 33842 36589 51042 67743 93615 59838 67577 95700 62281 67068 69335 37279 29003 30507 20318 15184 45881 90601 72270 55983 50245 16794 78890 26766
100 6306
93107 98604 12463 4030 8694 73514 75890 9989 21942 84026 22401 65679 46339 97204 47819 99397 4766 3468 76315 58322 82977 31551 21341 73880 10994 17521 71337 79770 21310 42624 10187 2261 70030 55473 24036 63349 91542 6613 99737 82442 38475 8033 50277 37361 37761 47502 44505 4091 49039 77493 51333 78789 68281 81426 29208 72422 36379 62959 77766 12559 27988 40779 70009 13571 83269 74789 33593 65942 10867 24244 50100 83787 82060 97310 79749 56779 66042 39808 66249 85854 33476 85406 49083 65785 53100 42221 60184 66983 52244 8640 17028 46919 69333 99454 68762 85751 34936 23639 74885 26479
71985 11399 51397 1118 48891 14321 46950 4513 34753 40124 2987 21093 47554 98498 25873 13139 94703 38233 74201 86552 5744 75899 65325 2460 2567 36562 59796 3175 64593 98280 71159 40002 21184 83162 51216 78787 46857 16957 61776 78903 27116 78451 80566 59489 9654 94688 24197 29868 60338 69460 82403 81452 23235 32380 80742 20557 64401 99799 18536 8308 41392 86253 1068 96255 36744 52069 1340 20319 96671 37049 93283 21654 38134 21962 83411 24343 9483 62835 74737 34531 57177 70215 33967 63584 68284 6787 73725 1052 2067 8870 58329 91919 21711 95385 86752 26110 7187 80733 33835 20112
100 5688
76032 70495 89686 64969 44250 8685 44039 4347 81107 7542 31145 51437 3329 4565 37581 10848 3893 60253 37766 31503 31676 18349 28263 69767 55007 87191 18068 62521 11729 64134 36776 64846 89706 31561 82551 21163 20826 50983 83825 1004 96875 45451 45189 51940 94159 19844 95150 99501 32928 82441 29695 61867 14069 57620 74585 14631 17801 55280 53460 44516 45723 29640 60115 97964 61096 36208 42980 46892 7963 63993 47217 66876 49552 76210 68239 49129 54731 35895 41013 58793 65304 63150 7938 32528 97144 71616 91741 85167 86519 9401 79815 62613 4957 43584 14838 19993 36621 74679 73117 1788
6978 43613 89820 83858 62575 20950 48072 83336 33422 44289 30116 31452 37813 75381 72673 2020 59143 37812 31944 7797 34072 33831 34364 61345 50867 8215 94051 68330 58199 83018 49638 48529 73405 35007 30150 75664 3744 89555 55739 61746 53250 26256 71525 93866 36694 81581 6762 13504 27703 49976 29654 91930 75387 91248 89020 94630 22611 20008 96385 37024 25289 18247 49397 8025 55253 81849 51402 21619 59932 94455 52590 954 43275 75960 86390 67256 55170 1885 38942 46049 77904 1293 44097 90800 18515 27339 1986 16227 11050 50394 16240 13360 20804 94207 82967 1166 2137 52467 71435 16126
100 5303
58917 13973 25326 82132 23061 92945 67100 57514 21925 59555 13192 11741 6488 55471 24714 68142 61561 62328 79145 79304 5674 17496 78714 72402 4773 70587 63538 61335 45357 19040 17991 34796 23043 23548 78145 70758 51197 37789 25611 55580 87387 39605 75736 76749 4084 73405 96659 36891 39081 98641 63150 20511 50981 76499 47065 83671 15809 14845 33623 32768 23469 15668 5180 32084 52638 34815 49885 35913 13583 6095 67251 32993 45287 10145 35423 64620 97159 8586 12642 47658 97808 61004 56421 95160 71071 96063 80690 23362 32728 99095 61173 95400 32110 93502 58156 47163 35350 65850 40893 22004
76057 15032 65980 53787 811 93831 20002 43589 82974 8532 80347 32344 33624 91511 28744 31582 73590 89301 20861 89589 47871 25765 93437 97243 66242 84727 72907 49295 69072 22266 13327 16192 26229 78582 11319 92007 64980 5457 9841 34332 62844 66902 47269 15495 45742 91593 63413 68556 5639 7332 58093 76532 63689 39012 2834 30040 11936 44635 57057 95292 95803 83484 83915 4367 26105 89865 29920 46988 79237 53943 19449 57302 84878 33923 69248 77553 41740 13447 12143 87870 55475 78849 69754 84070 10859 81657 78376 93608 55523 70935 27776 37202 98990 62319 34040 74279 95748 28677 73337 82318
100 1146
25136 8433 72609 30825 43957 49126 89980 10493 15989 40628 2073 91781 28975 7952 21523 24859 13105 86365 46213 42223 38363 88326 51882 37948 67060 82410 88328 94346 69228 53685 48971 8382 20494 59867 93031 773 82691 84811 51366 23661 39766 30311 67478 94113 91771 37981 98422 23358 87778 55966 50019 96451 29660 65586 85554 46336 19953 1471 84330 58487 56079 89705 743 1735 74872 28280 12545 1596 59089 92701 74530 50844 29342 85018 37774 71926 82743 77495 86580 26437 37626 6156 74279 16251 89778 6527 16169 2268 20045 29106 21983 48340 96719 62697 54097 27377 71732 72605 99025 75792
8291 44304 31813 34168 95482 93699 39994 66147 57970 65727 65825 23186 21066 38301 15190 89904 95217 76406 88235 87592 68676 70320 25866 34923 21880 1981 66433 37194 33712 53551 4528 2260 49148 1988 75033 88432 27107 53204 90396 71490 28662 2099 59741 56679 58919 77441 93693 28577 17379 23708 39438 51864 82181 13159 55026 82535 12385 23583 95905 92263 60881 59413 90522 41074 64433 50323 26466 30798 51575 45044 12733 4812 81409 8505 76275 27555 22822 32167 2890 12800 31084 41256 94644 16500 6233 80828 6811 19563 18949 43833 74022 21575 96554 74303 83346 68124 57884 92579 87288 1744
100 2673
98948 20310 63051 75300 36670 74742 35649 22983 88108 95744 88636 35826 90331 56043 50723 70803 60729 1172 96405 77891 81673 64738 52894 92851 8308 59166 88427 54805 25017 41874 25226 9157 67658 88973 12832 18390 43993 7547 22370 61737 13393 47004 23604 50934 84341 87716 65058 5130 31565 16048 23418 93966 17381 29000 61237 5360 86059 22525 99193 90303 64041 36400 94349 70345 42788 65399 52893 48927 60069 65438 73357 96761 31889 91689 49970 57695 70189 96732 36347 24702 15552 61188 35688 60342 13267 55530 97846 33501 38037 31281 95315 40300 89207 62504 28118 93608 51219 30737 19899 60541
88271 49692 90147 35686 40596 33156 10053 65650 34651 52206 14023 88987 78181 76156 67243 29097 40115 38404 93891 61950 97042 81476 7803 76846 46891 50510 48144 31693 79330 88273 28994 69848 42387 17480 31023 12380 46951 48355 34214 10990 63332 94587 17538 50583 61561 28504 31284 9951 64970 25429 20432 52920 21974 39670 29550 71900 84221 27694 8289 72182 87612 83142 21760 39087 29779 83771 17389 13387 84554 25940 94910 18523 75115 44160 62667 40311 35528 99480 62712 55439 79624 99754 68125 84926 92917 73394 88661 50358 57364 99982 78083 49327 31578 84961 31502 49311 63413 5523 80406 67022
100 9012
37605 25404 88298 28881 99460 79170 45562 72165 10586 89153 16651 35463 34039 44814 82368 45842 2849 5876 34505 17798 99335 69186 86465 96356 34701 74549 44394 45114 10907 36761 61346 80877 65707 38890 65278 61547 33897 53496 27441 44269 65997 42449 75865 83563 85463 88381 17617 73141 22998 92490 6260 36894 69079 45299 97992 34484 73534 77719 6589 80588 83276 36709 63994 36898 7381 30545 86591 43427 52959 15530 61622 41362 42381 5644 40415 5833 615 27786 80128 13256 25014 11473 54801 93969 31133 71802 37642 46150 91874 94667 62441 80454 41761 30335 98958 39443 59490 24655 4171 21255
28255 22489 48103 6356 48697 32546 22166 2835 65789 66990 76634 883 50038 89462 23683 28776 78913 52402 975 74776 26369 44485 80766 37784 54204 70721 22394 52026 94988 92730 82228 57271 16789 52642 60884 17573 81384 69181 2355 99542 38870 45937 55106 12041 46073 38604 72790 5210 44786 19702 74066 18060 89393 51074 77129 66597 92834 71775 71417 83157 95581 29963 66499 83258 11994 85183 22201 45476 50525 53721 9284 32861 49846 88397 75890 79919 77097 2163 76726 54165 67883 99208 31592 64832 14038 24037 14868 95754 72888 94485 72915 51808 4457 98106 10812 16864 88865 54107 23442 15766
100 3512
25617 88115 84429 36013 31991 39653 16931 67739 44176 89039 34148 81753 6524 59374 5959 77380 28474 67535 58130 10182 66022 15831 84942 11878 92232 60518 56416 72832 52748 6696 54386 80962 79751 73371 57664 74683 64493 90805 52027 10148 7758 76125 47539 73996 115 5563 56149 98101 7107 17033 33561 55488 74591 42052 92148 78963 45899 69499 1197 71667 42534 8146 14912 67025 79747 90977 88144 23679 16179 19219 47300 91242 27699 20235 20886 55996 34689 98532 68515 32592 22535 58263 30643 61190 71906 39598 32267 2957 10366 94024 63542 81038 83487 32064 77386 99128 94919 84861 51875 92216
96212 31891 88796 53242 26794 11303 51875 51852 89660 72654 10075 15224 27424 35268 4830 61177 6978 32830 57514 83211 48299 7846 79866 70311 88453 60590 52994 33617 14636 41878 66719 36421 48797 21672 95235 92558 6907 16674 64317 23162 81063 12901 23040 26614 47223 55287 8232 26986 4260 73718 47168 3686 39091 12441 75069 58643 54573 78210 4602 94312 21608 55871 89459 40080 39797 7360 89740 83345 48018 97902 74394 69134 3671 41096 17551 70060 92736 90111 97796 22228 24463 15714 67395 84716 31172 50502 88474 94084 93694 92403 18030 6769 74652 30355 50501 73204 79730 60405 40521 43909
100 9672
61499 42467 11902 77362 89902 97122 30098 97442 76535 80497 73519 57810 30943 89877 78058 92247 94407 14686 40054 12330 30051 32533 69378 95695 70423 86297 88416 66251 71108 3042 43559 9659 48163 14461 26866 45390 45593 59007 55360 61080 77232 26358 95544 99500 91075 10269 24671 56293 2836 2927 30856 48703 99684 46113 75652 57003 79525 84302 29461 44322 84667 90054 31038 13135 52719 53199 12675 58951 6274 73506 77031 61453 1969 80679 97694 72436 26371 10637 127 4111 89149 13112 38259 92796 80959 21 98389 5647 92613 10813 11569 37580 55219 73025 65310 6225 31226 63161 72277 37471
45781 11006 85742 93647 68426 42220 59166 80737 95838 7125 67064 81172 14567 40586 6241 52245 70267 88745 42502 86689 21624 36491 25320 14227 51513 35366 82172 28563 80566 67536 15822 11779 11268 35023 30366 78968 31206 72269 62531 45732 67831 39048 39058 92653 70096 29119 46849 7174 75709 72085 73644 36992 24395 38638 10281 14173 36515 55350 2796 49339 30906 87585 55170 12072 73757 92065 67315 41907 28466 86576 98901 3323 38281 73071 40326 99714 2782 64872 43327 74444 51797 37895 12139 2855 68538 78107 22943 76708 53887 89977 35851 92154 97821 80073 60955 63925 15933 7787 5580 30121
100 9673
61126 9831 27094 47893 37204 3899 28543 73729 90026 39871 40066 14513 51065 16454 99991 91324 39480 73390 71870 10357 7904 2778 49948 28679 19613 59515 58328 36933 61038 58036 1951 24012 19037 16493 74888 15380 2532 48804 72151 99274 99225 72670 51549 30354 91608 72299 65684 65404 78769 32483 35957 63639 87940 18272 32954 32090 6586 29404 79926 47556 92676 76722 2479 64090 86653 67198 60335 97161 67653 61029 64593 31148 62867 3599 78385 37622 42703 827 31376 90900 57272 85970 53747 88797 27021 65278 13762 53515 34434 3170 61418 97329 44701 35776 24449 97904 53652 42493 51747 87831
1814 12863 95293 91961 11004 7084 9652 82321 33794 60237 80458 71838 31783 42754 60139 78674 67020 26484 28701 94027 71636 15362 64810 95869 70230 62106 50871 29314 26013 43438 82967 10617 28449 76556 91916 33633 48089 24807 1392 49629 7628 93503 2179 18573 48565 49000 66696 32048 76116 41068 88979 70803 23871 19031 24409 17215 69011 43759 14180 89307 15823 42365 15647 93160 1197 25124 59184 30516 10440 88251 60238 37431 95556 69328 57241 36164 8244 79556 63916 45912 52550 61770 98611 83482 1995 61093 55404 71986 58672 61831 43356 61569 82889 29688 3837 55165 41342 20421 41306 69238
100 6855
28007 4812 78514 55495 81756 9851 38596 66169 54613 54629 91583 84925 86276 45630 4712 92668 20701 2451 26386 26049 98302 80660 93904 95892 95905 37663 87695 54941 3463 16945 5421 65109 63523 37749 87616 89819 22813 70102 28997 9855 47379 65794 29363 35159 26146 45085 29348 78856 71376 51387 14735 47651 39125 26019 48689 10886 28960 42992 50984 13118 95103 75461 58637 95746 47409 3102 11675 6783 38148 8460 54149 53172 90419 53840 92772 96958 44427 28969 98938 83260 72068 21699 81037 89974 44805 29647 58668 7698 44583 37435 50912 86867 65799 5948 62476 51722 79805 94523 15697 49943
26582 76657 9650 99920 17527 27191 55209 53547 17065 61394 97255 66313 34241 69945 94913 85108 93376 69959 88108 86793 82441 59390 57402 27405 80817 92931 19027 32176 47330 51371 92685 98472 57976 28108 59399 25728 17154 24315 83143 21033 32828 4274 96640 88849 85683 28741 58059 16068 93697 55224 51533 5750 33288 10512 58088 57718 38594 48563 98080 97686 74908 55053 83616 36959 49403 47591 32717 5628 4592 64063 90585 60644 16624 13463 22209 74587 11959 62815 45049 76549 23156 32183 11421 39451 81304 59892 33489 19064 72844 82063 18862 50137 88000 20223 32254 65365 90849 24830 13917 46049
100 5009
18201 74770 98645 22861 24172 61794 84757 83403 53357 22792 63621 86989 49520 17590 11261 36891 81043 85199 16316 83580 95185 95529 17953 64497 66757 336 59316 31 99113 59329 5871 8399 46895 97308 23307 49561 84785 59362 63599 2058 83424 13560 46746 15956 5901 31784 13347 37526 15694 61349 11490 62325 81830 38335 76951 24308 49884 14643 47775 53978 12027 87409 40879 39327 17755 54707 94826 60413 28495 38827 9889 81919 72748 76594 3611 59604 51236 88012 83543 47174 2524 74114 42487 33920 34244 18611 16051 37105 46751 28112 14643 54920 39 5540 24566 96242 48252 34940 83634 51183
24073 60541 58000 89519 72237 56863 37799 43430 53008 84197 41710 16464 59272 6940 3810 55097 67210 85852 24691 98312 37680 74662 46951 2253 85062 53091 37214 30080 86073 89176 16736 94462 21914 60545 38942 5220 99995 10139 24881 12766 38764 13417 44307 51755 8880 50937 78478 37522 84654 24857 52545 20843 92268 22368 83835 173 27029 23405 64294 93174 89498 16474 96790 49154 67307 30692 7932 56843 42223 78951 92306 24841 20844 2453 25484 39416 55864 82843 33096 1256 40790 25697 77875 48082 60572 74272 9704 61955 64677 64224 82654 32044 32953 35626 24158 87206 17746 25872 62687 97697
100 9300
97076 24295 48577 91011 6494 72366 15430 23998 64308 16205 8763 44553 48886 24236 4642 4611 59277 3498 38496 13377 40239 97162 82155 95009 8336 47077 33362 11209 96388 22547 13014 87879 60050 47964 32867 84473 62897 65415 10297 29342 19979 28449 89470 81673 93222 95007 62436 42454 75016 93437 18403 8228 44077 62997 52159 59037 11764 67213 27343 36719 90807 44501 48865 13295 3259 78609 86407 13414 36801 18295 63841 7996 50794 28901 28428 6337 40137 37121 87271 71470 49545 20037 21144 82757 13875 97877 46403 37605 37683 81882 13528 52868 49257 79578 2452 29602 21278 61559 55777 94298
16054 57697 31542 92173 34801 96652 32920 94018 17976 6907 81068 18045 78610 80288 59319 64075 83470 99861 92966 67720 71928 88860 59370 28281 36251 91555 72850 73701 17209 13972 19955 45234 82983 86073 59924 32155 78565 69649 48036 66308 20262 11354 46076 44118 36318 43951 16048 20220 65159 57926 33477 93881 81984 15484 76590 68867 25279 19108 77748 21538 8671 97169 20604 54460 94105 30711 72714 41850 56677 23896 18697 7347 34434 28936 21337 68333 90131 59898 83946 77349 49804 96043 94000 81292 61648 16948 61080 56560 39500 14166 75068 82215 70327 58980 92546 67344 17393 24211 39085 9938
