20 100000 100000
100 2981
4997 29504 3656 46900 44033 94837 4894 47897 280 94925 20035 98971 31945 10562 15662 75290 52342 81054 95497 62492 41970 87649 99307 78027 55673 89154 23741 11081 2568 6577 65128 88112 28798 22192 44773 89053 4202 12797 7140 79234 57895 61978 31952 12705 64193 94652 34960 84913 64565 70464 61220 20358 83096 50864 58001 88715 16147 47200 34434 24449 44950 38593 13005 55168 59565 98168 56152 74767 13043 70647 79448 32189 1240 67737 36754 92245 41465 84741 59325 3429 10042 54555 73246 96847 52236 52395 68501 33045 61881 81210 39746 56547 1276 62066 81541 25205 22743 30775 24047 36360
17918 44298 67901 48745 31309 17844 62508 97032 85133 80756 85743 14322 73391 38428 25708 37121 68970 40670 21904 32323 18617 35794 30731 93371 52191 8723 92906 81681 54789 27281 57972 4903 54609 44943 41145 97442 37361 69961 40827 5143 55550 16064 27124 91841 11537 85250 12790 64427 56806 74825 56515 21708 61579 74005 9560 14549 70524 25671 8056 10585 78773 74460 80901 84992 56440 87643 22215 128 95911 903 10760 19846 23292 76384 66324 11209 36293 50460 34428 18067 6552 89717 9587 79290 51739 35621 50467 79454 2885 94723 75186 41562 61770 97100 47465 41116 33139 39324 88029 98232
100 7639
48968 84966 30926 59022 77653 99774 40359 6733 8589 98397 61292 85340 47528 29446 22908 99881 22696 72842 96871 16649 41522 32658 41844 93331 69884 56840 82354 41484 38114 17196 66341 30822 71051 28512 79231 36264 92020 35355 16207 89624 22772 28454 33024 25784 28740 95550 67797 19734 70185 57451 55523 39597 17320 50329 49670 9449 67793 3391 59336 20337 23818 82217 78071 71824 40797 77515 7654 22131 81521 49097 30168 24976 23603 44157 23178 89711 50056 49864 99628 73555 49967 63405 90415 83966 37371 48573 55347 49162 7140 42225 30630 73127 73882 97103 31786 7537 64364 84997 69436 40126
65594 79548 47317 81047 2425 70672 94212 22375 26532 96658 38119 55481 13078 59601 17590 49212 92139 50581 19128 17528 64463 1402 56524 94766 18354 7204 8208 6154 67913 67000 98307 48548 46072 84833 69791 97016 94144 93333 43778 70161 52017 74917 520 40016 69475 9161 58473 82723 95937 8930 93733 20352 65764 16260 66211 77459 76750 30065 48632 38843 54649 91320 24045 27045 21679 2404 29727 96217 17141 89685 61045 20452 22884 23274 8753 38027 8291 92922 66066 10538 5555 57753 37791 23112 57964 35942 10149 27996 17753 78260 22589 65746 71628 28655 26640 41599 71555 13679 2430 80417
100 5282
88333 67715 20738 83370 92657 54764 87767 91984 58609 79554 5833 39679 83728 56206 34850 43657 64249 62315 58533 49847 89857 51582 34090 8997 26544 79292 76486 31143 85886 50900 30917 74449 62126 26498 5698 63872 53058 6510 29585 54406 50016 44180 24186 2159 82752 6959 2279 26305 11953 28060 87491 45445 1046 64646 22616 96202 84438 50170 77176 88692 32128 34624 8837 170 67086 86612 15249 7713 17386 78222 98074 25016 60341 5922 69439 84749 21972 35899 9344 3452 51555 78571 8572 21320 20662 68814 82928 16138 35088 15112 4146 65147 32203 87181 60358 35301 91189 42929 52445 31399
72594 33137 70675 46385 3387 22103 71317 64437 17213 73419 80644 76784 48073 75227 78975 85822 8603 32853 58752 17514 17720 98926 11729 9844 14003 34344 89669 51765 2555 80384 23329 97509 14389 82102 95211 55790 11302 68540 29267 37387 33222 12065 57093 8191 97184 97995 25614 83332 41540 61870 41905 81725 10630 44598 99649 16866 79664 53342 30502 83837 97963 82428 56236 90791 5612 51383 79592 33495 46474 60060 57506 58605 24358 89294 23615 69807 41857 99680 76179 6589 74863 54909 42085 71622 13850 53227 68841 93407 34507 40599 34190 61525 16287 46913 86390 93179 23141 75480 12501 82030
100 1871
31239 53703 55538 79699 6622 60396 21419 78202 42463 70344 29792 39206 1421 67211 78467 8979 15270 12800 86008 85332 65971 14641 67909 9709 63858 22821 54780 36690 81564 29890 9610 85489 71532 2876 3130 30450 21148 11837 57925 27191 50185 41960 32063 88237 88236 5156 63698 82639 18865 21068 32431 39737 94097 36660 7034 19310 89170 90882 91793 82100 47526 40647 48495 68424 30707 34096 80898 31815 29030 90581 50137 93865 6087 13046 19208 52218 13375 4635 14938 65160 11195 90624 52659 42737 16363 22413 28529 58276 74059 81324 78362 62810 84464 39600 90780 48474 11291 76060 13928 13869
94797 97759 52676 73819 78706 65921 92367 61489 14689 32425 74944 42523 72624 47784 8054 84998 19585 62006 65202 83539 86354 90467 41099 81626 83366 63364 67989 78697 1936 6550 14584 54501 52616 7583 55934 82766 81152 26715 37305 56036 93800 14201 33842 17451 7432 60010 99056 61912 99366 50514 35862 76969 44044 43705 54955 49455 26734 25286 25653 11712 20548 32568 35124 22434 97860 46807 30555 58992 90095 60032 33232 29876 69839 97586 24567 29319 90011 93829 65463 20721 12504 40063 23112 22036 98888 47205 15339 5380 52734 17722 16617 55293 69347 6022 46775 11053 7077 26746 74037 91638
100 4149
73856 21259 48633 95099 69426 69456 33816 86547 50620 14003 35748 45168 2134 78946 83571 29221 76228 25934 75606 25636 98113 68709 60181 53161 51422 77083 34199 89671 79914 49118 47635 11706 71952 92303 57705 59324 47198 23488 31897 57956 58306 46265 26085 93458 57325 48870 24273 11405 50621 97375 26811 38133 66463 65143 97669 70852 66070 41320 32133 37726 63119 78111 74257 14353 80144 20629 35846 95085 62752 1006 9000 1839 78946 21307 75998 25851 75307 46708 48116 51906 74067 87509 32549 85506 70722 49192 17306 79807 21401 50047 31267 75117 87535 14170 62711 75958 70021 89059 6299 94994
7339 13822 93521 15937 66043 92640 15772 20880 7638 79200 68460 33709 69437 23435 7444 97851 54359 40767 52436 33522 90995 74368 76082 67554 46082 32898 9441 93934 55702 54346 59691 95587 23166 48907 29949 1439 78862 24916 34923 73970 70873 44480 37280 40926 8896 39704 28529 3673 58641 58846 95899 33792 35610 93643 57374 61122 57984 43341 76659 63429 59419 32150 29988 56185 54285 39449 48417 15090 89048 19197 87988 6139 70023 94029 20135 55192 52453 91395 62289 58259 17486 93462 41119 48010 2501 36517 67110 82427 89524 77553 5697 60167 81631 76818 25374 38683 24827 47283 67094 97966
100 5934
15566 63296 49932 28846 59565 57317 1646 26159 91090 6160 57644 1142 27213 65999 32856 62202 42416 2203 46392 36405 67865 37523 25535 16844 13751 43857 77102 50798 15402 88921 12592 80208 2871 88441 7923 81741 91656 84922 39502 72092 48801 98126 43461 93908 17810 60336 77774 20105 43759 73146 2023 55055 74809 39828 37158 19792 70183 31380 47835 61432 22379 79341 73176 52271 36300 39883 69236 60533 71020 13668 49013 51901 69188 49958 91156 86364 63714 23310 12666 81073 228 75908 55998 53557 86210 13108 7249 56298 6000 78256 19167 49736 35280 77100 5190 86710 84953 68376 51780 53072
6497 61284 12828 10768 48994 67580 63223 8692 58629 77895 98467 50674 7336 20298 63570 99825 64713 6320 40929 48723 67114 44917 96258 59981 21374 55372 92428 56866 39445 80120 14355 80390 51280 56401 20429 3459 40404 5478 691 48961 5993 7270 6676 81339 24045 56803 93054 69756 7274 32377 7500 66587 9257 86351 1939 59148 34879 42583 3149 47796 48389 83206 68093 50869 5035 39212 59049 48240 38841 1853 32069 15782 20132 28530 77243 97348 46731 36519 96296 45622 78752 75711 27636 4179 35638 28004 51998 38053 90289 41925 70527 67224 65528 69362 83691 95986 43432 96195 50169 3446
100 5469
11856 93857 47398 40971 39026 5407 54053 57230 7106 25069 61303 31194 74942 78459 45644 2955 87398 4278 83172 51742 38791 73032 81271 95021 5073 8381 79297 12666 17270 14972 10306 69515 5874 24726 78808 58586 59458 41664 10397 7290 62034 81950 84735 2265 80506 27708 27684 40334 16880 53043 35371 11526 95709 33550 40119 52835 14191 93791 61595 23339 49759 78220 62273 30694 61942 11103 54218 61984 91803 33143 99071 13885 91059 11858 20422 15319 29606 77197 63797 37047 54486 6311 66032 83723 25029 20153 24703 11335 70946 60064 99073 37902 67578 30385 86751 59722 40610 51985 65645 56550
18416 32720 62355 87281 26157 98159 72685 39131 37089 25234 84723 59176 46347 83942 67812 13403 2860 51687 49329 47048 17688 3660 16105 41470 52690 31422 95449 27711 88159 53124 442 54240 62816 45330 57942 27422 92725 56745 34565 10032 93890 46088 52942 79588 72905 47932 23567 30571 76866 42558 23702 33037 33132 28921 18504 66232 90757 94760 27388 18348 50595 94141 13924 37585 28573 57310 3009 90957 23902 43622 14587 80650 34541 70901 35519 21508 19374 71813 97639 10909 86786 30032 97986 41992 38058 84188 39482 83537 65179 13319 82621 84553 6081 59268 83421 25414 75352 33491 78424 51326
100 1660
40585 602 82072 28998 731 36564 96942 86670 87308 53114 92235 87849 13233 12289 24713 82232 10584 34930 93094 98215 97690 8533 92560 36344 86254 83297 83620 16614 17375 59362 26237 51777 40008 26591 14823 3662 58209 31261 6102 9943 6965 29660 79028 21808 3501 60567 29405 27008 56384 85738 89374 13227 5731 28968 9810 19984 84025 40144 273 77935 3616 84152 10357 69232 46923 88800 43388 51606 49458 43189 89491 79158 63712 79260 72199 12196 29113 95429 49139 94443 17544 49010 43201 57391 60873 29762 73951 94871 54675 10271 8039 87441 11688 53447 76347 36977 41999 56485 40219 41875
6251 95324 50221 70697 80628 5503 95765 57762 38991 94793 75020 17615 71543 92544 34093 82968 22643 68184 93188 15963 30111 96106 11747 32629 31380 90011 99228 11110 99829 15104 23503 60699 14993 63676 87610 33590 48497 42563 14023 27844 48238 75258 24081 11133 28423 48948 37503 57438 79261 69127 17937 12918 78611 5854 31295 33645 59132 66134 32185 69269 38878 4775 15006 21263 82389 2126 45787 22628 17544 68542 4483 92165 53978 78944 5853 69870 25021 36305 6815 23381 36338 34867 69736 93931 64482 89638 10095 29781 9933 27552 75431 66654 5687 50630 67334 76512 7295 6064 32795 4485
100 4627
66035 29091 82426 6026 89749 39871 42667 86887 83607 55531 57207 19724 58460 87799 79508 3147 1288 83027 27231 96093 37796 23708 84249 41161 91129 93623 5929 91339 46191 19782 19662 18242 2298 34695 69083 19167 90792 99025 68262 10580 6220 47928 94918 98016 55278 55711 24513 69365 24121 57124 89844 31544 53007 3148 75564 70819 71463 12155 50686 72414 51010 96616 89904 26283 78157 97264 77364 25409 7665 23796 83292 72894 91886 96694 78081 66067 32041 30353 32227 63077 63942 6357 50840 35130 22194 58729 3566 56194 64530 68996 32318 55829 18213 61922 70442 14991 56830 84803 79613 54615
49581 20372 71182 71238 38066 17447 5325 21107 89598 59358 81296 45482 1618 42501 65512 87574 4924 25771 13633 35563 92639 91600 40652 91998 0 12999 39838 30852 78788 94984 6405 40561 77293 95835 53229 50834 90238 98909 34681 19192 1886 33319 44281 23459 28953 33799 63463 65038 33357 5944 18436 31758 32769 1278 43809 44628 55758 85296 42520 58298 88677 65628 81431 28512 38811 29413 44663 49226 5927 56026 69696 39249 36763 38783 15869 25696 74274 64385 94831 46286 25620 19831 37707 98707 91227 19818 89693 97495 76584 72105 28078 72731 25748 98821 81621 639 71529 70079 842 33364
100 2016
82604 96649 72105 27355 43070 556 64517 66187 10479 88863 48422 96287 85119 78697 23008 67802 92270 60554 4644 14483 54224 26086 14777 25789 59167 42727 83548 99192 88265 46618 21749 60492 9040 63729 31038 98408 32260 91386 10947 56058 54986 71794 4662 14206 84844 20562 14261 81799 21048 1513 13736 30338 96743 35404 14824 71275 1114 63155 54769 59168 71120 69928 13856 82607 91245 79678 91219 5320 24485 49708 19836 4479 52588 42598 37253 49308 82282 17023 14895 8114 20441 44769 35663 74929 25082 38128 76808 4445 62886 50896 31453 70977 29198 9441 44264 84267 89551 17569 28277 91270
9836 50693 73699 99032 42049 88633 34791 14600 84901 45692 41608 23726 42118 35495 26819 358 53684 80368 89546 97547 69435 61801 27554 11194 46492 51015 29227 79582 69679 17190 3424 54526 79988 77347 64417 41096 5738 13935 99162 50631 54693 63452 56887 298 22074 87934 3105 87218 74990 551 96548 37385 84335 35974 79208 23083 66898 87974 1803 87363 44428 86544 69129 6010 83539 29814 79715 86532 4580 55973 33253 40528 82893 43076 69801 75846 73211 66710 87770 38685 45952 90804 42014 76483 13888 21143 93903 14757 39517 91338 3292 11304 88248 6681 18459 97960 3092 92813 27015 38122
100 7765
26522 47649 54621 57730 72467 46631 2986 95750 89150 29093 36932 78848 8390 54289 12756 72867 60306 58403 10175 39287 16145 5522 71885 37574 75068 82898 57481 7795 98193 89035 23408 34991 26929 5521 62245 97819 72625 27208 13744 84197 26649 74308 77198 6938 39097 87617 51867 49126 12763 24799 12072 4622 17324 18310 40561 59509 7899 78829 74570 7258 31570 89234 44326 38353 36641 21603 91332 86695 61444 85464 18724 14710 25857 17003 56295 60079 89220 44758 4251 43784 82309 34645 72905 69684 89004 61337 3519 25038 32740 70780 95951 71103 3174 2416 21134 50527 23962 64394 39112 37293
78629 99824 3872 22829 97148 40751 88887 35201 81842 49984 64679 35035 64115 17440 31088 25376 24403 47531 93484 77044 15616 83701 55083 93565 56786 64305 86025 78794 81060 55339 5511 73840 28021 31539 24453 99745 11081 84614 72494 86528 84792 62298 3388 50346 9958 24637 68433 36536 31124 1371 14731 27463 27467 36016 86128 92730 74788 65007 25106 66748 86366 25739 5478 31270 17430 78488 8068 27011 25369 99513 60114 80896 50260 34061 47239 50546 65005 14617 31378 77192 60919 4154 38251 43306 75591 59817 926 94212 62037 89269 8600 70977 87541 68075 42593 2112 85527 5217 88316 61850
100 6855
23917 33766 44555 93124 86210 5758 86695 60085 52483 24196 97879 92354 20409 4560 24128 15109 94818 96554 33228 77831 55550 36047 52190 21756 86959 76119 70311 8292 54223 95870 38266 43878 27280 33596 33458 87149 86145 68998 50908 74850 89019 68324 34308 94003 1090 88758 72149 96754 57696 2447 13240 37973 1841 7982 79767 56794 55075 53683 69876 13275 67452 92557 41273 33905 87868 99247 53387 955 62228 57946 97691 57442 38481 90411 6144 823 7342 48672 19447 90060 88657 37735 49883 24072 55772 73489 69703 69480 400 15181 8411 79745 22520 42177 61144 49141 95683 31972 25428 93239
74106 91796 68371 41602 65784 71407 59380 42338 93626 42554 17749 89209 18078 67063 85219 44797 51506 55911 77867 75410 77949 15554 17204 88914 95519 60660 37045 290 14325 318 36587 85547 72439 6213 10578 81807 46255 76979 45820 62526 31769 83856 64426 17227 34842 48692 48338 67070 20293 41465 60104 66230 27474 852 19902 4885 63809 80108 95525 72063 83740 30574 48186 2402 67160 82755 98961 74875 91217 30228 53369 49219 95257 32056 87025 58529 46654 74332 31168 95478 1758 18878 88525 52202 47932 27587 11792 78004 75947 54951 34981 53018 33184 21566 5440 87898 11915 15620 39548 23312
100 5663
87940 77667 715 36071 13061 94974 41467 14957 57815 92434 65582 16801 65137 78563 43572 21581 31492 34252 16481 55000 55193 8524 28841 99308 42720 49205 51260 75381 92873 82783 58069 90381 25731 6698 69239 68829 29589 91920 4560 78864 89042 95155 23907 18070 37867 88456 92026 97535 59022 26857 94010 70301 93456 32538 97913 65643 37025 4229 75305 40571 89710 65267 26938 53364 13748 30076 12209 60638 15214 95150 45458 46667 22679 98718 13704 24059 90471 71916 43289 77740 57121 43163 58126 87433 40674 47425 59999 44123 51260 98749 96316 58095 84036 67122 95522 25875 77679 69734 1196 31612
23771 81421 31731 5092 30438 2714 508 17217 49039 88703 46248 7223 69895 87683 76016 71093 33139 65117 38656 44491 97479 51957 27681 12325 69574 86041 14037 41304 27199 49299 94043 75272 6806 20030 83547 537 97988 41019 79421 76000 8525 72834 1232 6426 14790 61144 45304 99095 15271 66523 53347 79359 80238 84370 44762 55757 40826 44184 14936 25983 94646 1572 9906 58489 19077 69262 2732 62545 45926 1455 11322 47669 74088 9506 72423 17277 58315 70455 34620 89187 23560 8856 10026 69301 23276 42972 89132 77212 22555 82603 46289 94025 94728 74718 19602 18910 35909 63828 72724 53266
100 3844
58628 90410 82324 80865 53865 7288 73138 92385 7726 17218 59858 90087 58839 72376 12224 40726 43485 41877 52916 81503 12748 19420 5542 26127 55641 72586 82123 93987 74537 28165 37972 71165 24518 72165 5186 58431 4714 68754 79108 6354 82976 51949 80992 27719 38807 7432 90993 99456 44328 7570 5165 18774 65169 35654 76244 39950 28096 71018 84493 59841 95737 24648 49296 98826 55217 69319 2802 92674 4878 25924 15738 9793 5381 85031 80524 33288 39927 98015 13099 85671 346 56465 45558 49219 25278 78210 55794 47751 26248 77204 44000 54409 73782 43770 82978 52444 51090 49805 52779 35532
68471 70011 97080 13487 10211 6915 35824 5220 30607 25505 63653 17776 37411 49923 58265 22291 19504 67564 45766 48870 27252 38017 23307 90191 75314 64150 59720 75322 34927 60267 21927 41232 2921 41138 66691 59644 96777 50602 95967 5770 37732 12779 58515 92952 28565 47794 18278 68192 21263 40383 15172 18433 78366 23904 4785 79227 57044 49102 38455 35288 65264 78744 61963 36122 11874 24968 90940 93083 24007 32256 663 79473 743 54353 76311 11781 27677 53171 30035 28313 89476 48021 59804 64968 94481 77259 90813 49990 72867 65681 6085 63150 99258 83660 95453 3624 85547 48944 79399 99421
100 5048
29125 3346 1650 3345 60547 56976 42156 15855 53349 11280 96823 43032 62784 29407 46509 10037 82374 86271 36184 50375 44586 68944 64518 48061 20946 41887 91516 97922 96317 93554 18579 40464 76867 91629 24207 81849 76497 77473 58379 80822 87102 72036 64289 37747 77286 49009 62318 77212 14992 95303 83930 70950 43821 53090 94884 34819 69718 37565 83889 85762 9409 11073 78959 32557 12425 95157 7464 6406 57722 47615 95304 3333 87286 39858 10279 75444 32095 83594 94419 88850 24590 37369 43405 46496 93877 53080 54763 3811 10285 29794 80599 94389 59385 86490 71664 19774 79718 58183 96937 13669
44637 51390 36456 98792 76608 78010 8981 96936 56865 87270 89052 93138 79959 73745 89267 1917 11640 92191 74869 39618 4122 90577 24793 5933 74424 92084 85619 5467 40014 25314 76804 73958 71213 58051 2432 54594 53701 78665 88069 38351 26362 76944 94729 78735 51430 63218 74349 39469 34635 18113 67580 91281 2880 89469 89728 17960 77558 11544 15223 3832 84437 93975 6234 23323 94247 55678 45513 97412 85217 52469 51574 5492 3095 80260 24736 54731 40873 26339 54289 83417 23799 67280 12134 17749 19837 40002 57281 36459 80466 48682 14503 7559 26565 14790 79718 26583 56767 52703 94849 23173
100 3805
91995 94344 47945 28140 21324 76776 74025 99671 91272 22349 60716 39824 772 90000 63881 13046 60690 27241 22677 84917 13387 62481 53560 66726 2588 38686 59232 66991 6727 66557 94642 73999 41328 46317 50049 9430 39733 2132 37926 70967 96708 79116 92708 80016 27004 52171 43048 42627 85265 19964 42416 70362 32731 85582 30298 61430 1269 63306 61774 34485 2590 25344 58146 38683 26860 53471 75380 48622 37152 45374 99855 71802 6560 69243 27059 32284 59792 38953 18347 42865 32786 34976 57911 95450 79854 86449 16886 8170 70503 5418 9949 58293 34622 53236 21442 21023 29223 45135 99460 31823
8162 70402 43279 79563 38555 21162 32300 94378 23722 67441 88735 62206 5236 4414 79091 81261 39488 29842 99710 5396 28963 42271 32127 89924 23347 38782 38515 84648 14856 16817 73289 8480 16345 45297 21698 26198 20297 7912 94267 83930 2353 27432 6402 85790 62902 27684 35909 21991 33460 34331 8381 11701 18007 40083 76091 95935 26889 19582 71524 10187 91020 97451 42022 55109 74065 23317 88233 25282 6821 12172 85304 16964 79516 60563 22298 54831 9340 89998 28059 79120 30155 41104 93275 13216 10931 5749 26659 91553 50308 32907 26942 55776 5139 49302 24887 44801 93945 90499 55210 74685
100 2333
2504 58192 87873 58244 55127 48729 43958 1918 40997 3318 81633 6277 19981 19542 754 38122 2690 81727 79034 85343 56036 88582 42212 82465 11096 32806 65976 91464 34213 99306 44260 86312 36301 63009 70729 93745 35725 55888 47982 46638 28971 63424 94359 30316 17982 10096 7115 54230 41690 78574 44671 83152 13309 39433 75353 94688 50054 83639 16293 93755 5093 95413 51654 67434 81059 36252 42213 62739 58654 83339 79587 4447 14093 43427 13178 47872 6040 22767 75246 35366 16344 7552 8841 28940 8231 45451 98198 40126 35795 47230 70068 17958 78657 9063 55449 43024 47452 36659 29171 88466
64146 91299 67700 42388 61135 89783 5282 91711 46821 89345 90341 61818 17926 43958 94790 95455 73985 59103 69306 56580 49956 92083 30399 93795 49804 18537 99893 3949 44139 39720 61228 41649 96091 58873 21343 23525 2023 4272 29308 43644 63418 3055 14080 27100 47026 71196 32681 33109 31065 1913 46574 19397 17387 12163 33131 76339 95918 12616 32417 42487 28228 22307 98909 5339 37157 16042 15538 72620 59454 24077 77619 20659 26546 10511 9422 79629 56761 55535 30665 40417 71517 82814 86809 84841 89034 92015 4300 99287 32754 21389 13875 65570 4317 93710 76248 65783 9812 84092 12078 2506
100 5663
1263 7658 96117 20842 52837 46643 97627 45493 47079 83349 71093 14312 13778 22138 6082 48828 4925 64847 24899 18193 78020 11025 92918 86717 69885 53275 23265 8786 9223 28097 65948 15291 41491 9333 64848 15880 83838 85643 5864 27314 38820 85689 17240 12342 31956 89758 63069 47961 77887 55907 29896 34295 55970 42998 18939 54967 13377 19379 47351 43544 77829 72432 54428 90180 32842 50350 30669 73299 62044 39124 45259 67251 92451 46119 88424 1274 72340 50269 71672 32597 74595 24630 98101 78969 86355 60832 85620 92742 7850 50901 31711 74957 94504 15839 76313 20134 86112 25290 8454 17977
23046 62305 62808 95832 22949 40751 45801 43974 12899 51883 14053 19655 55025 54957 40921 73052 94973 60620 76315 4246 58034 98209 4528 31631 74551 19717 51931 76303 15038 94746 39553 31801 92951 79029 7689 20422 56690 67631 50557 13264 77781 48701 98519 86603 35329 73246 89522 76317 37241 37366 72821 1555 81831 30569 9817 31474 80742 66499 13057 11783 11723 50137 56247 69618 15536 80499 82661 36804 78527 96394 43538 5596 34116 10440 86521 33380 30913 47196 9120 65365 49860 2978 6466 53943 5652 33935 4467 90648 13782 2548 88423 45856 74281 61722 50455 26990 65875 19101 2686 42155
100 5337
8815 51826 9490 55174 85755 80865 85093 48358 37437 24900 58311 63089 82204 81776 64546 70107 31397 85109 8017 85570 11345 85537 34932 43816 99032 28318 56838 79229 73877 56979 63497 95469 44588 92064 36109 24979 38644 45058 23740 7276 66915 44296 55019 16055 64811 88465 11465 74377 46965 62359 64153 19432 75615 49699 63195 49709 10992 83393 22732 28502 28942 86076 93780 65636 36640 64314 46956 64173 34087 68584 71408 41186 75166 45599 85121 51331 44636 69110 70721 20371 11669 17034 73618 41269 37650 30824 28104 79384 72006 29406 64980 44586 35593 6996 527 70861 14601 24055 70630 85986
69662 43416 53183 71498 27366 3989 7987 65025 35591 39372 73792 40435 15697 39634 79275 13839 6037 76715 89487 90988 21514 25815 62452 15872 26888 37244 40668 41891 75017 27078 776 84247 5268 32673 90867 17283 72907 99889 66265 9839 74201 23910 49373 97326 12559 62865 14823 55920 70468 10302 28660 58955 26575 83721 67937 22651 98017 53332 96161 84269 44589 53492 18163 52395 89312 41726 62918 21409 59137 68810 45696 12805 90024 55632 88249 34247 85417 91128 35037 39433 88236 5633 37057 70352 84286 98410 36107 50646 81351 11855 68969 53352 67575 51710 42008 474 18407 71474 50247 76464
100 6964
99703 23227 83343 78568 4668 24906 24305 77899 584 83940 92280 40492 87468 5306 85890 54176 5117 5684 67453 55271 83778 3158 2979 99155 41532 78889 52266 70242 37684 35282 19982 57071 76543 23075 10830 91975 2367 48309 47598 50066 97392 70415 44200 1511 29937 9682 76577 33812 36362 52517 96993 954 51558 98512 92938 7193 34218 53129 4416 37719 6939 92759 82915 96966 38931 60712 80786 78099 26290 48806 12929 49555 32563 50771 10425 99825 32425 21264 20355 34617 18830 59665 31920 35003 98997 38655 58670 5220 44679 7468 15539 59048 55247 80407 59015 1096 67571 49897 25774 61065
7218 6602 17456 91588 65038 57701 47562 50424 68607 73822 64628 25631 30731 66188 79987 6836 91645 36544 35495 80786 77864 2085 28365 7593 14662 84111 77596 16723 9246 80709 2603 55047 82772 58007 67421 81744 19552 72795 42552 28289 92646 78917 74091 56173 87794 59246 85588 77289 6601 97496 40332 39620 83728 71192 38227 29419 87387 49147 16503 2289 33712 3472 85770 31034 23417 73069 12856 23102 73697 63322 24158 91632 96635 70259 64646 63304 25472 10367 26219 62304 70017 56637 10338 96671 31025 88781 24187 80422 81490 69823 28768 73404 97216 30773 4184 95409 67364 62830 68974 53576
